 0
 0
 0
 0
 0
 0
 0
 0
 0
 0
 0
 0
 0
 0
 0
 0
 0
 0
 0
 0
 0
 0
 0
 0
 0
 0
 0
 0
 0
 0
 0
 0
 0
 0
 0
 0
 0
 0
 0
 0
 0
 0
 0
 0
 0
 0
 0
 0
 0
 0
 0
 0
 0
 0
 0
 0
 0
 0
 0
 0
 0
 0
 0
 0
 0
 0
 0
 0
 0
 0
 0
 0
 0
 0
 0
 0
 0
 0
 0
 0
 0
 0
 0
 0
 0
 0
 0
 0
 0
 0
 0
 0
 0
 0
 0
 0
 0
 0
 0
 0
 0
 0
 0
 0
 0
 0
 0
 0
 0
 0
 0
 0
 0
 0
 0
 0
 0
 0
 0
 0
 0
 0
 0
 0
 0
 0
 0
 0
 0
 0
 0
 0
 0
 0
 0
 0
 0
 0
 0
 0
 0
 0
 0
 0
 0
 0
 0
 0
 0
 0
 0
 0
 0
 0
 0
 0
 0
 0
 0
 0
 0
 0
 0
 0
 0
 0
 0
 0
 0
 0
 0
 0
 0
 0
 0
 0
 0
 0
 0
 0
 0
 0
 0
 0
 0
 0
 0
 0
 0
 0
 0
 0
 0
 0
 0
 0
 0
 0
 0
 0
 0
 0
 0
 0
 0
 0
 0
 0
 0
 0
 0
 0
 0
 0
 0
 0
 0
 0
 0
 0
 0
 0
 0
 0
 0
 0
 0
 0
 0
 0
 0
 0
 0
 0
 0
 0
 0
 0
 0
 0
 0
 0
 0
 -31.463921
 -31.463921
 -31.463921
 -31.414486
 -31.414486
 -31.414486
 -31.306705
 -31.306705
 -31.306705
 -31.306705
 -31.306705
 -31.306705
 -31.161858
 -31.161858
 -31.161858
 -31.000565
 -31.000565
 -31.000565
 -31.000565
 -30.879211
 -30.879211
 -30.860691
 -30.860691
 -30.860691
 -30.860691
 -30.860691
 -30.860691
 -30.860691
 -30.823769
 -30.823769
 -30.823769
 -30.732145
 -30.732145
 -30.732145
 -30.759531
 -30.759531
 -30.759531
 -30.759531
 -30.759531
 -30.759531
 -30.860691
 -30.860691
 -30.860691
 -30.860691
 -30.860691
 -30.860691
 -30.842211
 -30.842211
 -30.842211
 -30.668579
 -30.668579
 -30.668579
 -30.668579
 -30.668579
 -30.668579
 -30.641478
 -30.641478
 -30.641478
 -30.641478
 -30.695765
 -30.695765
 -30.695765
 -30.805367
 -30.805367
 -30.963043
 -30.963043
 -30.963043
 -30.963043
 -31.000565
 -31.000565
 -31.000565
 -31.095079
 -31.095079
 -31.095079
 -31.17144
 -31.17144
 -31.17144
 -31.219507
 -31.219507
 -31.219507
 -31.306705
 -31.306705
 -31.306705
 -31.306705
 -31.454012
 -31.454012
 -31.454012
 -31.523619
 -31.523619
 -31.674681
 -31.674681
 -31.674681
 -31.674681
 -31.838764
 -31.838764
 -32.058937
 -32.058937
 -32.058937
 -32.058937
 -32.30666
 -32.30666
 -32.30666
 -32.561657
 -32.561657
 -32.561657
 -32.755066
 -32.755066
 -32.755066
 -32.894226
 -32.894226
 -32.894226
 -32.929367
 -32.929367
 -32.929367
 -32.929367
 -32.976448
 -32.976448
 -32.941116
 -32.941116
 -32.941116
 -32.941116
 -32.976448
 -32.976448
 -32.976448
 -33.059452
 -33.059452
 -33.059452
 -33.131237
 -33.131237
 -33.131237
 -33.095272
 -33.095272
 -33.095272
 -32.929367
 -32.929367
 -32.929367
 -32.663513
 -32.663513
 -32.663513
 -32.273945
 -32.273945
 -32.273945
 -31.684845
 -31.684845
 -31.684845
 -31.434225
 -31.434225
 -31.434225
 -31.434225
 -31.434225
 -31.434225
 -31.434225
 -31.384958
 -31.384958
 -31.384958
 -31.219507
 -31.219507
 -31.219507
 -30.944344
 -30.944344
 -30.462933
 -30.462933
 -30.462933
 -30.462933
 -30.193245
 -30.193245
 -30.193245
 -30.031998
 -30.031998
 -30.031998
 -29.981691
 -29.981691
 -29.981691
 -29.973337
 -29.973337
 -29.973337
 -29.92337
 -29.92337
 -29.92337
 -29.799696
 -29.799696
 -29.799696
 -29.799696
 -29.605408
 -29.605408
 -29.446758
 -29.446758
 -29.446758
 -29.446758
 -29.345167
 -29.345167
 -29.345167
 -29.329643
 -29.329643
 -29.329643
 -29.36072
 -29.36072
 -29.36072
 -29.557508
 -29.557508
 -29.557508
 -29.734449
 -29.734449
 -29.734449
 -29.848953
 -29.848953
 -29.848953
 -29.613417
 -29.613417
 -29.613417
 -29.613417
 -29.306408
 -29.306408
 -29.306408
 -29.047337
 -29.047337
 -29.047337
 -29.024843
 -29.024843
 -29.024843
 -29.032335
 -29.032335
 -29.077417
 -29.077417
 -29.077417
 -29.077417
 -29.002409
 -29.002409
 -29.002409
 -28.972586
 -28.972586
 -28.972586
 -28.869005
 -28.869005
 -28.869005
 -28.869005
 -28.752121
 -28.752121
 -28.752121
 -28.723143
 -28.723143
 -28.537111
 -28.537111
 -28.537111
 -28.537111
 -28.361917
 -28.361917
 -28.361917
 -28.210615
 -28.210615
 -28.210615
 -28.021784
 -28.021784
 -28.021784
 -27.922287
 -27.922287
 -27.922287
 -27.928885
 -27.928885
 -27.928885
 -27.955326
 -27.955326
 -27.955326
 -28.210615
 -28.210615
 -28.210615
 -28.515902
 -28.515902
 -28.515902
 -28.643951
 -28.643951
 -28.643951
 -28.708691
 -28.708691
 -28.708691
 -28.920641
 -28.920641
 -28.920641
 -28.920641
 -28.920641
 -28.920641
 -28.920641
 -28.898474
 -28.898474
 -29.039831
 -29.039831
 -29.039831
 -29.039831
 -29.039831
 -29.039831
 -29.039831
 -29.478256
 -29.478256
 -29.478256
 -29.478256
 -29.478256
 -29.478256
 -29.669689
 -29.669689
 -29.669689
 -29.95665
 -29.95665
 -29.95665
 -30.124985
 -30.124985
 -30.124985
 -30.124985
 -30.167583
 -30.167583
 -30.167583
 -30.159048
 -30.159048
 -30.159048
 -30.227575
 -30.227575
 -30.227575
 -30.262043
 -30.262043
 -30.279329
 -30.279329
 -30.279329
 -30.279329
 -30.375019
 -30.375019
 -30.375019
 -30.445278
 -30.445278
 -30.445278
 -30.551746
 -30.551746
 -30.551746
 -30.551746
 -30.704845
 -30.704845
 -30.851446
 -30.851446
 -30.851446
 -30.851446
 -30.963043
 -30.963043
 -30.963043
 -31.038246
 -31.038246
 -31.038246
 -31.114107
 -31.114107
 -31.114107
 -31.248476
 -31.248476
 -31.248476
 -31.335968
 -31.335968
 -31.335968
 -31.335968
 -31.424349
 -31.424349
 -31.624035
 -31.624035
 -31.624035
 -31.911537
 -31.911537
 -31.911537
 -32.328541
 -32.328541
 -32.328541
 -32.618095
 -32.618095
 -32.618095
 -32.618095
 -32.835972
 -32.835972
 -33.511883
 -33.511883
 -33.511883
 -34.941242
 -34.941242
 -34.941242
 -34.941242
 -36.179649
 -36.179649
 -36.179649
 -36.474701
 -36.474701
 -36.474701
 -36.527824
 -36.527824
 -36.527824
 -36.545609
 -36.545609
 -36.545609
 -36.563423
 -36.563423
 -36.563423
 -36.545609
 -36.545609
 -36.545609
 -36.061008
 -36.061008
 -36.061008
 -35.060432
 -35.060432
 -35.060432
 -35.060432
 -34.382515
 -34.382515
 -34.354809
 -34.354809
 -34.354809
 -33.325615
 -33.325615
 -33.325615
 -33.325615
 -32.964653
 -32.964653
 -32.964653
 -35.181282
 -35.181282
 -35.181282
 -35.181282
 -35.181282
 -35.181282
 -37.48452
 -37.48452
 -37.48452
 -37.48452
 -37.48452
 -37.48452
 -38.833378
 -38.833378
 -38.833378
 -38.833378
 -38.833378
 -38.833378
 -38.833378
 -40.656532
 -40.656532
 -43.544872
 -43.544872
 -43.544872
 -43.544872
 -26.423716
 -26.423716
 -4.321243
 -4.321243
 -4.321243
 -4.321243
 -0.490413
 -0.490413
 -0.490413
 -0.711276
 -0.711276
 -0.711276
 -4.583527
 -4.583527
 -4.583527
 -33.107243
 -33.107243
 -33.107243
 -74.750977
 -74.750977
 -74.750977
 -80.771576
 -80.771576
 -80.771576
 -80.771576
 -80.771576
 -80.771576
 -80.771576
 -78.272804
 -78.272804
 -78.272804
 -73.412041
 -73.412041
 -73.412041
 -66.231606
 -66.231606
 -66.231606
 -44.424679
 -44.424679
 -44.424679
 -31.229153
 -31.229153
 -31.229153
 -21.696384
 -21.696384
 -21.696384
 -15.023009
 -15.023009
 -15.023009
 -10.455867
 -10.455867
 -10.455867
 -2.599376
 -2.599376
 -2.599376
 0.120001
 0.120001
 0.120001
 -0.912853
 -0.912853
 -0.912853
 -0.912853
 -3.329619
 -3.329619
 -3.329619
 -5.582251
 -5.582251
 -5.582251
 -8.150147
 -8.150147
 -8.150147
 -8.933228
 -8.933228
 -8.933228
 -7.761542
 -7.761542
 -7.761542
 -5.105896
 -5.105896
 -5.105896
 -2.437938
 -2.437938
 -2.437938
 6.015463
 6.015463
 6.015463
 -12.172228
 -12.172228
 -12.172228
 -18.242456
 -18.242456
 -18.242456
 -18.242456
 -24.121399
 -24.121399
 -24.121399
 -22.183199
 -22.183199
 -22.183199
 -7.626636
 -7.626636
 -7.626636
 -11.730736
 -11.730736
 -11.730736
 -35.166084
 -35.166084
 -35.166084
 -37.849018
 -37.849018
 -37.849018
 -59.187954
 -59.187954
 -59.187954
 -73.412041
 -73.412041
 -73.412041
 -73.412041
 -90.314003
 -90.314003
 -90.314003
 -90.314003
 -90.314003
 -90.314003
 -80.771576
 -80.771576
 -80.771576
 -78.272804
 -78.272804
 -78.272804
 -61.066044
 -61.066044
 -61.066044
 -51.624035
 -51.624035
 -51.624035
 -46.396011
 -46.396011
 -46.396011
 -43.869617
 -43.869617
 -43.869617
 -42.819035
 -42.819035
 -42.819035
 -43.041763
 -43.041763
 -43.041763
 -44.250084
 -44.250084
 -44.250084
 -44.250084
 -44.336941
 -44.336941
 -43.624928
 -43.624928
 -43.624928
 -43.624928
 -42.673664
 -42.673664
 -42.673664
 -41.849087
 -41.849087
 -41.849087
 -41.55899
 -41.55899
 -41.55899
 -41.654617
 -41.654617
 -41.654617
 -41.278275
 -41.278275
 -41.278275
 -40.211002
 -40.211002
 -40.211002
 -39.04438
 -39.04438
 -39.04438
 -37.973995
 -37.973995
 -37.973995
 -35.795769
 -35.795769
 -35.795769
 -35.795769
 -30.569618
 -30.569618
 -30.569618
 -28.176592
 -28.176592
 -28.176592
 -29.890217
 -29.890217
 -29.890217
 -31.756334
 -31.756334
 -31.756334
 -33.301079
 -33.301079
 -33.301079
 -36.964943
 -36.964943
 -36.964943
 -38.426151
 -38.426151
 -38.426151
 -37.995003
 -37.995003
 -37.995003
 -37.995003
 -36.909084
 -36.909084
 -36.909084
 -38.272804
 -38.272804
 -38.272804
 -41.783779
 -41.783779
 -41.783779
 -39.068146
 -39.068146
 -39.068146
 -34.382515
 -34.382515
 -34.382515
 -31.000565
 -31.000565
 -31.000565
 -29.799696
 -29.799696
 -29.799696
 -29.501957
 -29.501957
 -29.501957
 -29.990057
 -29.990057
 -29.990057
 -30.641478
 -30.641478
 -30.641478
 -31.306705
 -31.306705
 -31.306705
 -31.603857
 -31.603857
 -31.603857
 -31.603857
 -33.059452
 -33.059452
 -32.732086
 -32.732086
 -32.732086
 -32.732086
 -32.144302
 -32.144302
 -32.144302
 -32.144302
 -32.144302
 -32.144302
 -32.905926
 -32.905926
 -32.905926
 -33.191513
 -33.191513
 -33.191513
 -33.24004
 -33.24004
 -33.24004
 -33.264404
 -33.264404
 -33.264404
 -33.264404
 -33.474308
 -33.474308
 -33.35022
 -33.35022
 -33.35022
 -33.35022
 -33.191513
 -33.191513
 -33.191513
 -33.252213
 -33.252213
 -33.264404
 -33.264404
 -33.264404
 -33.264404
 -33.143261
 -33.143261
 -33.143261
 -33.035656
 -33.035656
 -33.035656
 -33.288837
 -33.288837
 -33.288837
 -33.412041
 -33.412041
 -33.412041
 -33.461819
 -33.461819
 -33.461819
 -33.461819
 -33.059452
 -33.059452
 -31.533607
 -31.533607
 -31.533607
 -31.593788
 -31.593788
 -31.593788
 -31.593788
 -31.838764
 -31.838764
 -31.838764
 -31.818083
 -31.818083
 -31.818083
 -31.066616
 -31.066616
 -31.066616
 -30.375019
 -30.375019
 -30.375019
 -30.732145
 -30.732145
 -30.732145
 -30.991169
 -30.991169
 -30.991169
 -30.569618
 -30.569618
 -30.569618
 -30.015196
 -30.015196
 -30.015196
 -30.015196
 -29.702009
 -29.702009
 -29.517792
 -29.517792
 -29.517792
 -29.517792
 -29.252434
 -29.252434
 -29.252434
 -28.928043
 -28.928043
 -28.928043
 -28.752121
 -28.752121
 -28.752121
 -28.679857
 -28.679857
 -28.679857
 -28.701473
 -28.701473
 -28.701473
 -28.913246
 -28.913246
 -28.913246
 -29.221743
 -29.221743
 -29.221743
 -29.742579
 -29.742579
 -29.742579
 -29.742579
 -29.931677
 -29.931677
 -29.807886
 -29.807886
 -29.807886
 -29.807886
 -29.661629
 -29.661629
 -29.661629
 -29.661629
 -29.661629
 -29.661629
 -29.685833
 -29.685833
 -29.685833
 -29.693918
 -29.693918
 -29.693918
 -29.702009
 -29.702009
 -29.702009
 -29.824289
 -29.824289
 -29.824289
 -29.824289
 -29.824289
 -29.824289
 -29.906778
 -29.906778
 -29.906778
 -30.065695
 -30.065695
 -30.065695
 -30.065695
 -30.184683
 -30.184683
 -30.184683
 -30.445278
 -30.445278
 -30.445278
 -30.650501
 -30.650501
 -30.650501
 -30.907066
 -30.907066
 -30.907066
 -31.133175
 -31.133175
 -31.133175
 -31.200249
 -31.200249
 -31.200249
 -31.296974
 -31.296974
 -31.296974
 -31.287252
 -31.287252
 -31.287252
 -31.181032
 -31.181032
 -31.181032
 -31.181032
 -30.972408
 -30.972408
 -30.750393
 -30.750393
 -30.750393
 -30.750393
 -30.471773
 -30.471773
 -30.471773
 -30.124985
 -30.124985
 -29.824289
 -29.824289
 -29.824289
 -29.824289
 -29.669689
 -29.669689
 -29.669689
 -29.597406
 -29.597406
 -29.597406
 -29.517792
 -29.517792
 -29.517792
 -29.391907
 -29.391907
 -29.391907
 -29.252434
 -29.252434
 -29.252434
 -29.024843
 -29.024843
 -29.024843
 -29.024843
 -28.687057
 -28.687057
 -28.687057
 -28.508842
 -28.508842
 -28.508842
 -28.508842
 -28.494741
 -28.501789
 -28.501789
 -28.501789
 -28.501789
 -28.522966
 -28.522966
 -28.522966
 -28.579689
 -28.579689
 -28.579689
 -29.726328
 -29.726328
 -29.685833
 -29.685833
 -29.685833
 -29.685833
 -27.579592
 -27.579592
 -27.579592
 -27.068691
 -27.068691
 -27.068691
 -29.368505
 -29.368505
 -29.368505
 -31.219507
 -31.219507
 -31.219507
 -31.355532
 -31.355532
 -31.355532
 -31.355532
 -31.573681
 -31.573681
 -31.654387
 -31.654387
 -31.654387
 -31.424349
 -31.424349
 -31.424349
 -31.424349
 -30.732145
 -30.732145
 -30.732145
 -30.15052
 -30.15052
 -30.15052
 -30.15052
 -30.15052
 -30.15052
 -30.057259
 -30.057259
 -30.057259
 -30.305321
 -30.305321
 -30.305321
 -30.907066
 -30.907066
 -30.907066
 -31.00997
 -31.00997
 -31.00997
 -31.00997
 -31.00997
 -31.00997
 -29.948317
 -29.948317
 -29.948317
 -29.669689
 -29.669689
 -29.669689
 -29.669689
 -30.262043
 -30.262043
 -30.262043
 -30.542824
 -30.542824
 -30.542824
 -30.340099
 -30.340099
 -30.340099
 -30.253414
 -30.253414
 -30.253414
 -30.42766
 -30.42766
 -30.42766
 -30.525007
 -30.525007
 -30.525007
 -30.605474
 -30.605474
 -30.605474
 -30.659536
 -30.659536
 -30.659536
 -30.686693
 -30.686693
 -30.686693
 -30.787004
 -30.787004
 -30.787004
 -30.787004
 -30.805367
 -30.805367
 -30.944344
 -30.944344
 -30.944344
 -31.277542
 -31.277542
 -31.277542
 -31.277542
 -31.787155
 -31.787155
 -31.787155
 -31.890682
 -31.890682
 -31.890682
 -31.695023
 -31.695023
 -31.695023
 -31.563646
 -31.563646
 -31.563646
 -31.563646
 -31.513639
 -31.513639
 -31.563646
 -31.563646
 -31.563646
 -31.563646
 -31.583729
 -31.583729
 -31.583729
 -31.684845
 -31.684845
 -31.684845
 -31.624035
 -31.624035
 -31.624035
 -31.563646
 -31.563646
 -31.563646
 -31.503674
 -31.503674
 -31.503674
 -31.394789
 -31.394789
 -31.394789
 -31.104588
 -31.104588
 -31.104588
 -31.019384
 -31.019384
 -31.019384
 -31.114107
 -31.114107
 -31.114107
 -31.114107
 -31.229153
 -31.229153
 -31.104588
 -31.104588
 -31.104588
 -31.104588
 -30.860691
 -30.860691
 -30.860691
 -30.777836
 -30.777836
 -30.777836
 -30.569618
 -30.569618
 -30.569618
 -30.507227
 -30.507227
 -30.507227
 -30.42766
 -30.42766
 -30.42766
 -30.39253
 -30.39253
 -30.39253
 -30.38377
 -30.38377
 -30.38377
 -30.38377
 -30.42766
 -30.42766
 -30.436464
 -30.436464
 -30.436464
 -30.436464
 -30.401299
 -30.401299
 -30.401299
 -30.471773
 -30.471773
 -30.471773
 -30.551746
 -30.551746
 -30.551746
 -30.551746
 -30.551746
 -30.551746
 -30.888487
 -30.888487
 -30.888487
 -31.114107
 -31.114107
 -31.114107
 -30.860691
 -30.860691
 -30.860691
 -30.61446
 -30.61446
 -30.61446
 -30.61446
 -30.542824
 -30.542824
 -30.542824
 -30.542824
 -30.542824
 -30.542824
 -30.596497
 -30.596497
 -30.596497
 -30.596497
 -30.596497
 -30.596497
 -30.587528
 -30.587528
 -30.587528
 -30.632463
 -30.632463
 -30.632463
 -30.641478
 -30.641478
 -30.641478
 -30.623457
 -30.623457
 -30.623457
 -30.704845
 -30.704845
 -30.704845
 -30.704845
 -30.796181
 -30.796181
 -30.796181
 -30.814564
 -30.814564
 -30.814564
 -30.796181
 -30.796181
 -30.796181
 -30.787004
 -30.787004
 -30.787004
 -30.723036
 -30.723036
 -30.723036
 -30.796181
 -30.796181
 -30.796181
 -30.814564
 -30.814564
 -30.814564
 -30.907066
 -30.907066
 -30.907066
 -30.860691
 -30.860691
 -30.860691
 -30.851446
 -30.851446
 -30.851446
 -30.842211
 -30.842211
 -30.842211
 -30.842211
 -30.897772
 -30.897772
 -30.897772
 -30.897772
 -30.897772
 -30.897772
 -30.860691
 -30.860691
 -30.860691
 -30.91637
 -30.91637
 -30.91637
 -30.842211
 -30.842211
 -30.842211
 -30.842211
 -30.842211
 -30.842211
 -30.842211
 -30.860691
 -30.860691
 -30.897772
 -30.897772
 -30.897772
 -30.897772
 -30.869946
 -30.869946
 -30.869946
 -30.963043
 -30.963043
 -30.963043
 -31.038246
 -31.038246
 -31.038246
 -31.00997
 -31.00997
 -31.00997
 -31.019384
 -31.019384
 -31.019384
 -31.190634
 -31.190634
 -31.190634
 -31.152287
 -31.152287
 -31.152287
 -31.019384
 -31.019384
 -31.028811
 -31.028811
 -31.028811
 -31.028811
 -31.028811
 -31.076094
 -31.076094
 -31.05715
 -31.05715
 -31.05715
 -31.05715
 -31.095079
 -31.095079
 -31.095079
 -31.133175
 -31.133175
 -31.133175
 -31.133175
 -31.142725
 -31.142725
 -31.142725
 -31.142725
 -31.142725
 -31.104588
 -31.104588
 -31.104588
 -31.104588
 -31.085581
 -31.085581
 -31.00997
 -31.00997
 -31.00997
 -31.00997
 -30.991169
 -30.991169
 -30.897772
 -30.897772
 -30.897772
 -30.888487
 -30.888487
 -30.888487
 -30.842211
 -30.842211
 -30.842211
 -30.860691
 -30.860691
 -30.860691
 -30.860691
 -30.805367
 -30.805367
 -30.805367
 -30.851446
 -30.851446
 -30.851446
 -31.503674
 -31.503674
 -31.503674
 -32.847591
 -32.847591
 -32.847591
 -32.847591
 -33.936295
 -33.936295
 -33.936295
 -34.536499
 -34.536499
 -34.536499
 -34.285931
 -34.285931
 -34.285931
 -34.002449
 -34.002449
 -34.002449
 -32.438766
 -32.438766
 -32.438766
 -31.076094
 -31.076094
 -31.076094
 -30.732145
 -30.732145
 -31.523619
 -31.523619
 -31.523619
 -31.523619
 -32.427681
 -32.427681
 -32.427681
 -32.561657
 -32.561657
 -32.561657
 -32.3395
 -32.3395
 -32.3395
 -32.3395
 -32.144302
 -32.144302
 -32.284836
 -32.284836
 -32.284836
 -32.284836
 -32.472111
 -32.472111
 -32.472111
 -32.133587
 -32.133587
 -32.133587
 -31.654387
 -31.654387
 -31.654387
 -31.345743
 -31.345743
 -31.23881
 -31.23881
 -31.23881
 -31.23881
 -31.229153
 -31.229153
 -31.229153
 -31.123636
 -31.123636
 -31.123636
 -31.104588
 -31.104588
 -31.104588
 -31.076094
 -31.076094
 -31.076094
 -31.047693
 -31.047693
 -31.047693
 -31.028811
 -31.028811
 -31.028811
 -31.085581
 -31.085581
 -31.085581
 -31.114107
 -31.114107
 -31.114107
 -31.133175
 -31.133175
 -31.133175
 -31.104588
 -31.104588
 -31.104588
 -31.104588
 -31.133175
 -31.133175
 -31.133175
 -31.114107
 -31.114107
 -31.114107
 -31.114107
 -31.114107
 -31.114107
 -31.085581
 -31.085581
 -31.085581
 -31.085581
 -31.085581
 -31.085581
 -31.104588
 -31.104588
 -31.104588
 -31.104588
 -31.104588
 -31.104588
 -31.095079
 -31.095079
 -31.095079
 -31.209873
 -31.209873
 -31.209873
 -31.209873
 -31.267843
 -31.267843
 -31.267843
 -31.267843
 -31.267843
 -31.267843
 -31.287252
 -31.287252
 -31.287252
 -31.365328
 -31.365328
 -31.365328
 -31.365328
 -31.414486
 -31.414486
 -31.355532
 -31.355532
 -31.355532
 -31.267843
 -31.267843
 -31.267843
 -31.209873
 -31.209873
 -31.209873
 -31.209873
 -31.181032
 -31.181032
 -31.181032
 -31.248476
 -31.248476
 -31.277542
 -31.277542
 -31.277542
 -31.414486
 -31.414486
 -31.414486
 -31.414486
 -31.54361
 -31.54361
 -31.54361
 -31.553621
 -31.553621
 -31.553621
 -31.664528
 -31.664528
 -31.664528
 -31.776869
 -31.776869
 -31.776869
 -31.766596
 -31.766596
 -31.766596
 -31.838764
 -31.838764
 -31.838764
 -31.849123
 -31.849123
 -31.849123
 -31.849123
 -31.880274
 -31.880274
 -31.880274
 -31.901104
 -31.901104
 -31.901104
 -31.901104
 -31.901104
 -31.901104
 -31.921982
 -31.921982
 -31.921982
 -31.942913
 -31.942913
 -31.942913
 -31.942913
 -31.890682
 -31.890682
 -31.953396
 -31.953396
 -31.953396
 -31.828417
 -31.828417
 -31.828417
 -31.797451
 -31.797451
 -31.797451
 -31.797451
 -31.859493
 -31.859493
 -31.756334
 -31.756334
 -31.756334
 -31.756334
 -31.715412
 -31.715412
 -31.715412
 -31.674681
 -31.674681
 -31.674681
 -31.573681
 -31.573681
 -31.573681
 -31.583729
 -31.583729
 -31.583729
 -31.523619
 -31.523619
 -31.523619
 -31.573681
 -31.573681
 -31.573681
 -31.54361
 -31.54361
 -31.54361
 -31.523619
 -31.523619
 -31.523619
 -31.523619
 -31.523619
 -31.523619
 -31.434225
 -31.434225
 -31.434225
 -31.394789
 -31.394789
 -31.394789
 -31.394789
 -31.384958
 -31.384958
 -31.355532
 -31.355532
 -31.355532
 -31.355532
 -31.326202
 -31.326202
 -31.326202
 -31.345743
 -31.345743
 -31.345743
 -31.316448
 -31.316448
 -31.316448
 -31.326202
 -31.326202
 -31.326202
 -31.355532
 -31.355532
 -31.355532
 -31.258154
 -31.258154
 -31.258154
 -31.258154
 -31.326202
 -31.326202
 -31.326202
 -31.267843
 -31.267843
 -31.267843
 -31.277542
 -31.277542
 -31.277542
 -31.23881
 -31.23881
 -31.23881
 -31.287252
 -31.287252
 -31.287252
 -31.335968
 -31.335968
 -31.335968
 -31.277542
 -31.277542
 -31.277542
 -31.229153
 -31.229153
 -31.229153
 -31.229153
 -31.229153
 -31.229153
 -31.229153
 -31.229153
 -31.229153
 -31.229153
 -31.181032
 -31.181032
 -31.181032
 -31.161858
 -31.161858
 -31.161858
 -31.095079
 -31.095079
 -31.095079
 -31.05715
 -31.05715
 -31.05715
 -31.047693
 -31.047693
 -31.047693
 -30.972408
 -30.972408
 -30.972408
 -31.028811
 -31.028811
 -31.028811
 -30.972408
 -30.972408
 -30.972408
 -30.991169
 -30.991169
 -30.991169
 -30.963043
 -30.963043
 -30.963043
 -30.869946
 -30.869946
 -30.869946
 -30.925686
 -30.925686
 -30.925686
 -30.925686
 -30.888487
 -30.888487
 -30.879211
 -30.879211
 -30.879211
 -30.879211
 -30.888487
 -30.888487
 -30.888487
 -30.832985
 -30.832985
 -30.832985
 -30.842211
 -30.842211
 -30.842211
 -30.851446
 -30.851446
 -30.851446
 -30.851446
 -30.796181
 -30.796181
 -30.796181
 -30.832985
 -30.832985
 -30.851446
 -30.851446
 -30.851446
 -30.851446
 -30.805367
 -30.805367
 -30.805367
 -30.814564
 -30.814564
 -30.814564
 -30.814564
 -30.814564
 -30.814564
 -30.814564
 -30.814564
 -30.814564
 -30.787004
 -30.787004
 -30.787004
 -30.805367
 -30.805367
 -30.805367
 -30.805367
 -30.805367
 -30.805367
 -30.832985
 -30.832985
 -30.832985
 -30.851446
 -30.851446
 -30.851446
 -30.851446
 -30.805367
 -30.805367
 -30.805367
 -30.787004
 -30.787004
 -30.787004
 -30.787004
 -30.787004
 -30.787004
 -30.741264
 -30.741264
 -30.741264
 -30.768679
 -30.768679
 -30.768679
 -30.823769
 -30.823769
 -30.823769
 -30.787004
 -30.787004
 -30.787004
 -30.823769
 -30.823769
 -30.823769
 -30.832985
 -30.832985
 -30.832985
 -30.823769
 -30.823769
 -30.823769
 -30.814564
 -30.814564
 -30.814564
 -30.787004
 -30.787004
 -30.787004
 -30.759531
 -30.759531
 -30.759531
 -30.759531
 -30.768679
 -30.768679
 -30.768679
 -30.723036
 -30.723036
 -30.723036
 -30.741264
 -30.741264
 -30.741264
 -30.759531
 -30.759531
 -30.759531
 -30.759531
 -30.759531
 -30.759531
 -30.759531
 -30.759531
 -30.759531
 -30.759531
 -30.768679
 -30.768679
 -30.768679
 -30.759531
 -30.759531
 -30.796181
 -30.796181
 -30.796181
 -30.741264
 -30.741264
 -30.741264
 -30.741264
 -30.796181
 -30.796181
 -30.768679
 -30.768679
 -30.768679
 -30.768679
 -30.759531
 -30.759531
 -30.759531
 -30.768679
 -30.768679
 -30.768679
 -30.796181
 -30.796181
 -30.796181
 -30.759531
 -30.759531
 -30.759531
 -30.768679
 -30.768679
 -30.768679
 -30.796181
 -30.796181
 -30.796181
 -30.777836
 -30.777836
 -30.777836
 -30.777836
 -30.787004
 -30.787004
 -30.787004
 -30.805367
 -30.805367
 -30.805367
 -30.842211
 -30.842211
 -30.842211
 -30.860691
 -30.860691
 -30.860691
 -30.842211
 -30.842211
 -30.842211
 -30.823769
 -30.823769
 -30.823769
 -30.851446
 -30.851446
 -30.851446
 -30.851446
 -30.851446
 -30.851446
 -30.851446
 -30.851446
 -30.851446
 -30.851446
 -30.823769
 -30.823769
 -30.823769
 -30.823769
 -30.823769
 -30.823769
 -30.842211
 -30.842211
 -30.842211
 -30.814564
 -30.814564
 -30.814564
 -30.851446
 -30.851446
 -30.851446
 -30.805367
 -30.805367
 -30.805367
 -30.869946
 -30.869946
 -30.869946
 -30.860691
 -30.860691
 -30.860691
 -30.851446
 -30.851446
 -30.851446
 -30.879211
 -30.879211
 -30.879211
 -30.879211
 -30.888487
 -30.888487
 -30.888487
 -30.897772
 -30.897772
 -30.935009
 -30.935009
 -30.935009
 -30.935009
 -30.935009
 -30.935009
 -30.935009
 -30.925686
 -30.925686
 -30.925686
 -30.869946
 -30.869946
 -30.869946
 -30.935009
 -30.935009
 -30.935009
 -30.888487
 -30.888487
 -30.888487
 -30.888487
 -30.925686
 -30.925686
 -30.925686
 -30.925686
 -30.925686
 -30.925686
 -30.963043
 -30.963043
 -30.963043
 -30.944344
 -30.944344
 -30.944344
 -30.935009
 -30.935009
 -30.935009
 -30.879211
 -30.879211
 -30.879211
 -30.888487
 -30.888487
 -30.888487
 -30.888487
 -30.888487
 -30.888487
 -30.925686
 -30.925686
 -30.925686
 -30.925686
 -30.925686
 -30.925686
 -30.879211
 -30.879211
 -30.879211
 -30.879211
 -30.935009
 -30.935009
 -30.935009
 -30.851446
 -30.851446
 -30.851446
 -30.925686
 -30.925686
 -30.925686
 -30.907066
 -30.907066
 -30.907066
 -30.897772
 -30.897772
 -30.897772
 -30.879211
 -30.879211
 -30.879211
 -30.842211
 -30.842211
 -30.842211
 -30.805367
 -30.805367
 -30.805367
 -30.805367
 -30.805367
 -30.805367
 -30.823769
 -30.823769
 -30.823769
 -30.777836
 -30.777836
 -30.777836
 -30.768679
 -30.768679
 -30.768679
 -30.777836
 -30.777836
 -30.777836
 -30.777836
 -30.732145
 -30.732145
 -30.732145
 -30.732145
 -30.732145
 -30.732145
 -30.686693
 -30.686693
 -30.686693
 -30.713936
 -30.713936
 -30.713936
 -30.686693
 -30.686693
 -30.686693
 -30.632463
 -30.632463
 -30.632463
 -30.632463
 -30.623457
 -30.623457
 -30.632463
 -30.632463
 -30.632463
 -30.632463
 -30.605474
 -30.605474
 -30.605474
 -30.560678
 -30.560678
 -30.560678
 -30.569618
 -30.569618
 -30.569618
 -30.596497
 -30.596497
 -30.596497
 -30.61446
 -30.61446
 -30.61446
 -30.61446
 -30.61446
 -30.61446
 -30.641478
 -30.641478
 -30.641478
 -30.659536
 -30.659536
 -30.659536
 -30.677631
 -30.677631
 -30.677631
 -30.677631
 -30.704845
 -30.704845
 -30.704845
 -30.732145
 -30.732145
 -30.732145
 -30.768679
 -30.768679
 -30.768679
 -30.814564
 -30.814564
 -30.814564
 -30.869946
 -30.869946
 -30.869946
 -30.879211
 -30.879211
 -30.879211
 -30.879211
 -30.879211
 -30.879211
 -30.897772
 -30.897772
 -30.897772
 -30.935009
 -30.935009
 -30.935009
 -30.935009
 -30.935009
 -30.935009
 -31.000565
 -31.000565
 -31.000565
 -31.00997
 -31.00997
 -31.00997
 -31.00997
 -31.200249
 -31.200249
 -31.200249
 -31.277542
 -31.277542
 -31.277542
 -31.306705
 -31.306705
 -31.306705
 -31.335968
 -31.335968
 -31.335968
 -31.335968
 -31.335968
 -31.335968
 -31.267843
 -31.267843
 -31.267843
 -31.296974
 -31.296974
 -31.296974
 -31.326202
 -31.326202
 -31.326202
 -31.326202
 -31.326202
 -31.326202
 -31.326202
 -31.316448
 -31.316448
 -31.316448
 -31.316448
 -31.316448
 -31.277542
 -31.277542
 -31.277542
 -31.277542
 -31.296974
 -31.296974
 -31.296974
 -31.258154
 -31.258154
 -31.258154
 -31.181032
 -31.181032
 -31.181032
 -31.181032
 -31.181032
 -31.181032
 -31.190634
 -31.190634
 -31.190634
 -31.181032
 -31.181032
 -31.181032
 -31.190634
 -31.190634
 -31.190634
 -31.200249
 -31.200249
 -31.200249
 -31.229153
 -31.229153
 -31.229153
 -31.229153
 -31.248476
 -31.248476
 -31.248476
 -31.326202
 -31.326202
 -31.326202
 -31.335968
 -31.335968
 -31.335968
 -31.365328
 -31.365328
 -31.365328
 -31.444113
 -31.444113
 -31.444113
 -31.454012
 -31.454012
 -31.454012
 -31.493719
 -31.493719
 -31.493719
 -31.503674
 -31.503674
 -31.503674
 -31.503674
 -31.533607
 -31.533607
 -31.533607
 -31.613939
 -31.613939
 -31.613939
 -31.624035
 -31.624035
 -31.624035
 -31.705212
 -31.705212
 -31.705212
 -31.766596
 -31.766596
 -31.766596
 -31.787155
 -31.787155
 -31.787155
 -31.807762
 -31.807762
 -31.807762
 -31.818083
 -31.818083
 -31.818083
 -31.880274
 -31.880274
 -31.880274
 -31.901104
 -31.901104
 -31.901104
 -31.921982
 -31.921982
 -31.921982
 -31.932442
 -31.932442
 -31.932442
 -32.016567
 -32.016567
 -32.016567
 -32.016567
 -32.101517
 -32.101517
 -32.101517
 -32.048325
 -32.048325
 -32.048325
 -32.101517
 -32.101517
 -32.101517
 -32.198086
 -32.198086
 -32.198086
 -32.219692
 -32.219692
 -32.219692
 -32.284836
 -32.284836
 -32.284836
 -32.284836
 -32.317593
 -32.317593
 -32.405552
 -32.405552
 -32.405552
 -32.460983
 -32.460983
 -32.460983
 -32.460983
 -32.494411
 -32.494411
 -32.527969
 -32.527969
 -32.527969
 -32.527969
 -32.527969
 -32.527969
 -32.527969
 -32.572914
 -32.572914
 -32.572914
 -32.652138
 -32.652138
 -32.652138
 -32.709167
 -32.709167
 -32.709167
 -32.847591
 -32.847591
 -32.847591
 -32.847591
 -32.894226
 -32.894226
 -32.894226
 -32.894226
 -32.894226
 -32.917641
 -32.917641
 -32.917641
 -32.964653
 -32.964653
 -32.964653
 -32.964653
 -33.011925
 -33.011925
 -33.011925
 -33.107243
 -33.107243
 -33.107243
 -33.24004
 -33.24004
 -33.24004
 -33.301079
 -33.301079
 -33.301079
 -33.486813
 -33.486813
 -33.486813
 -33.600193
 -33.600193
 -33.600193
 -33.600193
 -33.740807
 -33.740807
 -33.87064
 -33.87064
 -33.87064
 -33.87064
 -34.082504
 -34.082504
 -34.082504
 -34.190403
 -34.190403
 -34.190403
 -34.32719
 -34.32719
 -34.32719
 -34.508301
 -34.508301
 -34.508301
 -34.508301
 -34.536499
 -34.536499
 -34.65023
 -34.65023
 -34.65023
 -34.693264
 -34.693264
 -34.693264
 -33.38726
 -33.38726
 -33.38726
 -29.890217
 -29.890217
 -29.890217
 -29.890217
 -28.082033
 -28.082033
 -24.267385
 -24.267385
 -24.267385
 -24.267385
 -20.170383
 -20.170383
 -20.170383
 -20.642258
 -20.642258
 -20.642258
 -24.159805
 -24.159805
 -24.159805
 -30.832985
 -30.832985
 -30.832985
 -35.730709
 -35.730709
 -35.730709
 -35.730709
 -36.213844
 -36.213844
 -35.844891
 -35.844891
 -35.844891
 -35.844891
 -35.350243
 -35.350243
 -35.350243
 -34.809078
 -34.809078
 -34.809078
 -33.766617
 -33.766617
 -33.276611
 -33.276611
 -33.276611
 -33.276611
 -34.21759
 -34.21759
 -34.21759
 -35.746929
 -35.746929
 -35.746929
 -37.54422
 -37.54422
 -37.54422
 -39.333939
 -39.333939
 -39.333939
 -41.370842
 -41.370842
 -41.370842
 -41.370842
 -43.705727
 -43.705727
 -46.177486
 -46.177486
 -46.177486
 -48.23793
 -48.23793
 -48.23793
 -48.23793
 -50.578568
 -50.578568
 -50.578568
 -55.666126
 -55.666126
 -55.666126
 -61.370842
 -61.370842
 -61.370842
 -61.370842
 -61.370842
 -61.370842
 -76.334602
 -76.334602
 -76.334602
 -76.334602
 -76.334602
 -76.334602
 -72.252205
 -72.252205
 -72.252205
 -76.334602
 -76.334602
 -76.334602
 -68.730377
 -68.730377
 -68.730377
 -70.314003
 -70.314003
 -70.314003
 -68.730377
 -68.730377
 -68.730377
 -68.730377
 -70.314003
 -70.314003
 -72.252205
 -72.252205
 -72.252205
 -72.252205
 -74.750977
 -74.750977
 -74.750977
 -69.486153
 -69.486153
 -69.486153
 -76.334602
 -76.334602
 -76.334602
 -76.334602
 -71.229156
 -71.229156
 -71.229156
 -73.412041
 -73.412041
 -73.412041
 -73.412041
 -73.412041
 -71.229156
 -71.229156
 -71.229156
 -71.229156
 -71.229156
 -71.229156
 -71.229156
 -71.229156
 -71.229156
 -71.229156
 -72.252205
 -72.252205
 -72.252205
 -70.314003
 -70.314003
 -70.314003
 -72.252205
 -72.252205
 -72.252205
 -70.314003
 -70.314003
 -70.314003
 -72.252205
 -72.252205
 -72.252205
 -72.252205
 -72.252205
 -72.252205
 -72.252205
 -74.750977
 -74.750977
 -74.750977
 -76.334602
 -76.334602
 -74.750977
 -74.750977
 -74.750977
 -73.412041
 -73.412041
 -73.412041
 -73.412041
 -74.750977
 -74.750977
 -74.750977
 -72.252205
 -72.252205
 -72.252205
 -84.293404
 -84.293404
 -84.293404
 -70.314003
 -70.314003
 -70.314003
 -70.314003
 -70.314003
 -70.314003
 -71.229156
 -71.229156
 -71.229156
 -70.314003
 -70.314003
 -70.314003
 -71.229156
 -71.229156
 -71.229156
 -78.272804
 -78.272804
 -78.272804
 -78.272804
 -80.771576
 -80.771576
 -80.771576
 -73.412041
 -73.412041
 -73.412041
 -80.771576
 -80.771576
 -74.750977
 -74.750977
 -74.750977
 -74.750977
 -72.252205
 -72.252205
 -72.252205
 -71.229156
 -71.229156
 -71.229156
 -74.750977
 -74.750977
 -74.750977
 -72.252205
 -72.252205
 -72.252205
 -72.252205
 -72.252205
 -72.252205
 -72.252205
 -72.252205
 -72.252205
 -72.252205
 -71.229156
 -71.229156
 -71.229156
 -71.229156
 -71.229156
 -71.229156
 -70.314003
 -70.314003
 -70.314003
 -70.314003
 -70.314003
 -70.314003
 -73.412041
 -73.412041
 -73.412041
 -71.229156
 -71.229156
 -71.229156
 -72.252205
 -72.252205
 -72.252205
 -72.252205
 -71.229156
 -71.229156
 -71.229156
 -68.730377
 -68.730377
 -68.730377
 -72.252205
 -72.252205
 -72.252205
 -67.391441
 -67.391441
 -66.792175
 -66.792175
 -66.792175
 -66.792175
 -66.792175
 -66.792175
 -66.792175
 -68.730377
 -68.730377
 -68.730377
 -68.035133
 -68.035133
 -68.035133
 -68.730377
 -68.730377
 -68.730377
 -68.035133
 -68.035133
 -68.035133
 -68.730377
 -68.730377
 -68.730377
 -68.730377
 -68.730377
 -68.730377
 -69.486153
 -69.486153
 -69.486153
 -69.486153
 -69.486153
 -69.486153
 -69.486153
 -72.252205
 -72.252205
 -72.252205
 -66.792175
 -66.792175
 -66.792175
 -65.705025
 -65.705025
 -65.705025
 -66.792175
 -66.792175
 -66.792175
 -64.293404
 -64.293404
 -64.293404
 -64.293404
 -65.705025
 -65.705025
 -66.231606
 -66.231606
 -66.231606
 -70.314003
 -70.314003
 -70.314003
 -66.792175
 -66.792175
 -66.792175
 -68.035133
 -68.035133
 -68.035133
 -68.035133
 -64.73893
 -64.73893
 -64.73893
 -62.709778
 -62.709778
 -62.709778
 -64.293404
 -64.293404
 -64.293404
 -65.208549
 -65.208549
 -65.208549
 -66.792175
 -66.792175
 -66.792175
 -66.792175
 -68.730377
 -68.730377
 -69.486153
 -69.486153
 -69.486153
 -69.486153
 -66.792175
 -66.792175
 -66.792175
 -66.792175
 -66.792175
 -67.391441
 -67.391441
 -67.391441
 -67.391441
 -68.035133
 -68.035133
 -68.035133
 -68.035133
 -68.035133
 -68.035133
 -67.391441
 -67.391441
 -67.391441
 -70.314003
 -70.314003
 -70.314003
 -66.231606
 -66.231606
 -66.231606
 -68.730377
 -68.730377
 -68.730377
 -68.035133
 -68.035133
 -68.035133
 -68.035133
 -68.035133
 -68.035133
 -68.035133
 -68.730377
 -68.730377
 -68.730377
 -68.730377
 -68.730377
 -68.035133
 -68.035133
 -68.035133
 -68.035133
 -71.229156
 -71.229156
 -71.229156
 -69.486153
 -69.486153
 -69.486153
 -71.229156
 -71.229156
 -71.229156
 -71.229156
 -72.252205
 -72.252205
 -68.730377
 -68.730377
 -68.730377
 -73.412041
 -73.412041
 -73.412041
 -72.252205
 -72.252205
 -72.252205
 -72.252205
 -70.314003
 -70.314003
 -70.314003
 -72.252205
 -72.252205
 -72.252205
 -69.486153
 -69.486153
 -69.486153
 -78.272804
 -78.272804
 -78.272804
 -70.314003
 -70.314003
 -70.314003
 -76.334602
 -76.334602
 -76.334602
 -74.750977
 -74.750977
 -74.750977
 -71.229156
 -71.229156
 -71.229156
 -71.229156
 -72.252205
 -72.252205
 -72.252205
 -73.412041
 -73.412041
 -73.412041
 -73.412041
 -73.412041
 -73.412041
 -70.314003
 -70.314003
 -76.334602
 -76.334602
 -76.334602
 -76.334602
 -70.314003
 -70.314003
 -70.314003
 -69.486153
 -69.486153
 -69.486153
 -72.252205
 -72.252205
 -72.252205
 -69.486153
 -69.486153
 -69.486153
 -71.229156
 -71.229156
 -71.229156
 -69.486153
 -69.486153
 -69.486153
 -69.486153
 -76.334602
 -76.334602
 -76.334602
 -76.334602
 -76.334602
 -76.334602
 -72.252205
 -72.252205
 -72.252205
 -76.334602
 -76.334602
 -76.334602
 -73.412041
 -73.412041
 -73.412041
 -71.229156
 -71.229156
 -71.229156
 -72.252205
 -72.252205
 -72.252205
 -72.252205
 -72.252205
 -72.252205
 -68.730377
 -68.730377
 -68.730377
 -68.730377
 -68.730377
 -68.730377
 -64.293404
 -64.293404
 -64.293404
 -64.293404
 -64.293404
 -64.293404
 -64.293404
 -59.684425
 -59.684425
 -59.684425
 -63.869617
 -63.869617
 -63.869617
 -63.465549
 -63.465549
 -63.465549
 -61.686729
 -61.686729
 -61.686729
 -61.686729
 -65.705025
 -65.705025
 -61.066044
 -61.066044
 -61.066044
 -61.066044
 -61.066044
 -61.066044
 -61.686729
 -61.686729
 -61.686729
 -62.709778
 -62.709778
 -62.709778
 -59.943726
 -59.943726
 -59.943726
 -58.49271
 -58.49271
 -58.49271
 -60.211002
 -60.211002
 -60.211002
 -60.211002
 -63.465549
 -63.465549
 -63.465549
 -63.079445
 -63.079445
 -63.079445
 -64.293404
 -64.293404
 -64.293404
 -63.079445
 -63.079445
 -63.079445
 -63.079445
 -64.293404
 -64.293404
 -66.792175
 -66.792175
 -66.792175
 -66.792175
 -66.792175
 -66.792175
 -66.792175
 -63.869617
 -63.869617
 -68.035133
 -68.035133
 -68.035133
 -69.486153
 -69.486153
 -69.486153
 -69.486153
 -68.730377
 -68.730377
 -68.730377
 -68.035133
 -68.035133
 -68.035133
 -65.208549
 -65.208549
 -65.208549
 -65.208549
 -65.208549
 -65.208549
 -63.869617
 -63.869617
 -63.869617
 -64.73893
 -64.73893
 -64.73893
 -64.73893
 -64.73893
 -64.73893
 -64.73893
 -62.709778
 -62.709778
 -62.709778
 -61.686729
 -61.686729
 -62.355202
 -62.355202
 -62.355202
 -62.355202
 -61.066044
 -61.066044
 -61.066044
 -61.370842
 -61.370842
 -61.370842
 -59.684425
 -59.684425
 -59.684425
 -61.066044
 -61.066044
 -61.066044
 -59.432644
 -59.432644
 -59.432644
 -60.486771
 -60.486771
 -60.486771
 -60.486771
 -62.355202
 -62.355202
 -62.355202
 -62.355202
 -62.355202
 -62.355202
 -59.187954
 -59.187954
 -58.71833
 -58.71833
 -58.71833
 -64.293404
 -64.293404
 -64.293404
 -64.293404
 -66.231606
 -66.231606
 -66.231606
 -62.709778
 -62.709778
 -62.709778
 -63.869617
 -63.869617
 -63.869617
 -62.014538
 -62.014538
 -62.014538
 -63.465549
 -63.465549
 -63.465549
 -63.465549
 -66.231606
 -66.231606
 -66.231606
 -65.705025
 -65.705025
 -65.705025
 -68.035133
 -68.035133
 -68.035133
 -65.705025
 -65.705025
 -65.705025
 -69.486153
 -69.486153
 -69.486153
 -69.486153
 -69.486153
 -69.486153
 -69.486153
 -69.486153
 -69.486153
 -68.035133
 -68.035133
 -68.035133
 -68.035133
 -74.750977
 -74.750977
 -74.750977
 -68.730377
 -68.730377
 -68.730377
 -68.035133
 -68.035133
 -68.035133
 -70.314003
 -70.314003
 -70.314003
 -66.231606
 -66.231606
 -66.231606
 -69.486153
 -69.486153
 -69.486153
 -72.252205
 -72.252205
 -72.252205
 -65.208549
 -65.208549
 -65.208549
 -61.370842
 -61.370842
 -61.370842
 -61.370842
 -61.370842
 -61.370842
 -58.94997
 -58.94997
 -58.94997
 -58.94997
 -57.644634
 -57.644634
 -57.644634
 -57.44495
 -57.44495
 -57.44495
 -58.49271
 -58.49271
 -58.49271
 -59.187954
 -59.187954
 -59.187954
 -63.079445
 -63.079445
 -63.079445
 -62.355202
 -62.355202
 -62.355202
 -65.705025
 -65.705025
 -65.705025
 -63.465549
 -63.465549
 -63.465549
 -64.73893
 -64.73893
 -64.73893
 -64.73893
 -60.77158
 -60.77158
 -60.77158
 -58.71833
 -58.71833
 -58.71833
 -55.506748
 -55.506748
 -55.506748
 -55.196507
 -55.196507
 -55.196507
 -55.196507
 -63.869617
 -63.869617
 -69.486153
 -69.486153
 -69.486153
 -73.412041
 -73.412041
 -73.412041
 -73.412041
 -73.412041
 -73.412041
 -68.035133
 -68.035133
 -68.035133
 -68.035133
 -68.035133
 -68.035133
 -63.869617
 -63.869617
 -63.869617
 -63.869617
 -59.187954
 -59.187954
 -59.187954
 -57.058846
 -57.058846
 -57.058846
 -56.872047
 -56.872047
 -56.872047
 -58.058327
 -58.058327
 -58.058327
 -58.49271
 -58.49271
 -58.49271
 -59.432644
 -59.432644
 -59.432644
 -61.066044
 -61.066044
 -61.066044
 -63.465549
 -63.465549
 -63.465549
 -63.465549
 -62.355202
 -62.355202
 -62.355202
 -63.465549
 -63.465549
 -63.079445
 -63.079445
 -63.079445
 -62.709778
 -62.709778
 -62.709778
 -62.709778
 -63.079445
 -63.079445
 -58.272804
 -58.272804
 -58.272804
 -58.272804
 -61.370842
 -61.370842
 -61.370842
 -61.370842
 -61.370842
 -61.370842
 -61.686729
 -61.686729
 -61.686729
 -62.355202
 -62.355202
 -62.355202
 -62.355202
 -60.486771
 -60.486771
 -60.486771
 -59.432644
 -59.432644
 -60.486771
 -60.486771
 -60.486771
 -61.686729
 -61.686729
 -61.686729
 -59.684425
 -59.684425
 -59.684425
 -59.684425
 -64.293404
 -64.293404
 -57.058846
 -57.058846
 -57.058846
 -57.058846
 -57.249752
 -57.249752
 -57.249752
 -60.211002
 -60.211002
 -60.211002
 -62.014538
 -62.014538
 -62.014538
 -61.686729
 -61.686729
 -61.686729
 -61.686729
 -60.77158
 -60.77158
 -57.849018
 -57.849018
 -57.849018
 -59.684425
 -59.684425
 -59.684425
 -60.211002
 -60.211002
 -60.211002
 -66.231606
 -66.231606
 -66.231606
 -63.465549
 -63.465549
 -63.465549
 -63.465549
 -60.211002
 -60.211002
 -60.211002
 -69.486153
 -69.486153
 -69.486153
 -69.486153
 -69.486153
 -69.486153
 -62.709778
 -62.709778
 -62.709778
 -55.506748
 -55.506748
 -55.506748
 -58.49271
 -58.49271
 -58.49271
 -58.49271
 -61.686729
 -61.686729
 -61.686729
 -61.686729
 -61.686729
 -62.709778
 -62.709778
 -62.709778
 -62.709778
 -62.355202
 -62.355202
 -62.355202
 -63.465549
 -63.465549
 -63.465549
 -59.943726
 -59.943726
 -59.943726
 -60.77158
 -60.77158
 -60.77158
 -72.252205
 -72.252205
 -72.252205
 -67.391441
 -67.391441
 -67.391441
 -60.486771
 -60.486771
 -60.486771
 -60.486771
 -60.486771
 -60.486771
 -60.486771
 -60.486771
 -60.486771
 -60.486771
 -59.187954
 -59.187954
 -58.71833
 -58.71833
 -58.71833
 -58.71833
 -58.058327
 -58.058327
 -58.058327
 -62.355202
 -62.355202
 -62.355202
 -80.771576
 -80.771576
 -80.771576
 -74.750977
 -74.750977
 -74.750977
 -65.705025
 -65.705025
 -65.705025
 -65.705025
 -66.231606
 -66.231606
 -66.231606
 -64.73893
 -64.73893
 -64.73893
 -67.391441
 -67.391441
 -67.391441
 -63.465549
 -63.465549
 -63.465549
 -61.370842
 -61.370842
 -61.370842
 -58.94997
 -58.94997
 -58.94997
 -70.314003
 -70.314003
 -70.314003
 -73.412041
 -73.412041
 -73.412041
 -73.412041
 -73.412041
 -73.412041
 -73.412041
 -55.666126
 -55.666126
 -56.334602
 -56.334602
 -56.334602
 -56.334602
 -57.849018
 -57.849018
 -57.849018
 -61.686729
 -61.686729
 -61.686729
 -68.730377
 -68.730377
 -68.730377
 -62.014538
 -62.014538
 -62.014538
 -71.229156
 -71.229156
 -71.229156
 -71.229156
 -62.709778
 -62.709778
 -62.014538
 -62.014538
 -62.014538
 -67.391441
 -67.391441
 -67.391441
 -67.391441
 -67.391441
 -67.391441
 -62.355202
 -62.355202
 -62.355202
 -60.486771
 -60.486771
 -60.486771
 -60.486771
 -63.465549
 -63.465549
 -60.77158
 -60.77158
 -60.77158
 -60.77158
 -59.943726
 -59.943726
 -59.943726
 -61.370842
 -61.370842
 -61.370842
 -61.370842
 -61.370842
 -61.370842
 -60.77158
 -60.77158
 -60.77158
 -62.709778
 -62.709778
 -62.709778
 -62.709778
 -68.035133
 -68.035133
 -68.035133
 -69.486153
 -69.486153
 -69.486153
 -69.486153
 -69.486153
 -69.486153
 -69.486153
 -69.486153
 -65.208549
 -65.208549
 -65.208549
 -65.208549
 -66.792175
 -66.792175
 -66.792175
 -65.705025
 -65.705025
 -65.705025
 -63.465549
 -63.465549
 -63.465549
 -62.709778
 -62.709778
 -62.709778
 -61.686729
 -61.686729
 -61.686729
 -61.686729
 -61.686729
 -61.686729
 -58.94997
 -58.94997
 -58.94997
 -62.355202
 -62.355202
 -62.355202
 -62.355202
 -62.709778
 -62.709778
 -62.709778
 -62.709778
 -62.709778
 -62.709778
 -60.486771
 -60.486771
 -60.486771
 -59.432644
 -59.432644
 -59.432644
 -61.066044
 -61.066044
 -61.066044
 -59.432644
 -59.432644
 -59.432644
 -66.792175
 -66.792175
 -66.792175
 -63.869617
 -63.869617
 -63.869617
 -63.869617
 -63.869617
 -63.869617
 -63.079445
 -63.079445
 -63.079445
 -61.066044
 -61.066044
 -61.066044
 -61.686729
 -61.686729
 -61.686729
 -61.686729
 -60.77158
 -60.77158
 -60.77158
 -63.465549
 -63.465549
 -63.465549
 -62.355202
 -62.355202
 -62.355202
 -61.370842
 -61.370842
 -61.370842
 -61.066044
 -61.066044
 -61.066044
 -60.77158
 -60.77158
 -60.77158
 -60.486771
 -60.486771
 -60.486771
 -60.486771
 -59.943726
 -59.943726
 -59.943726
 -59.187954
 -59.187954
 -59.187954
 -59.943726
 -59.943726
 -63.869617
 -63.869617
 -63.869617
 -63.869617
 -65.208549
 -65.208549
 -65.208549
 -66.231606
 -66.231606
 -66.231606
 -68.035133
 -68.035133
 -68.035133
 -68.035133
 -64.293404
 -64.293404
 -63.465549
 -63.465549
 -63.465549
 -63.465549
 -63.465549
 -63.465549
 -63.465549
 -62.355202
 -62.355202
 -62.355202
 -64.73893
 -64.73893
 -64.73893
 -62.355202
 -62.355202
 -62.355202
 -66.231606
 -66.231606
 -66.231606
 -71.229156
 -71.229156
 -71.229156
 -66.792175
 -66.792175
 -66.792175
 -65.208549
 -65.208549
 -65.208549
 -65.208549
 -65.705025
 -65.705025
 -65.208549
 -65.208549
 -65.208549
 -63.079445
 -63.079445
 -63.079445
 -62.709778
 -62.709778
 -62.709778
 -62.709778
 -62.709778
 -62.709778
 -62.709778
 -63.869617
 -63.869617
 -63.869617
 -62.355202
 -62.355202
 -62.355202
 -63.465549
 -63.465549
 -63.465549
 -66.231606
 -66.231606
 -66.231606
 -64.293404
 -64.293404
 -64.293404
 -66.231606
 -66.231606
 -66.231606
 -65.705025
 -65.705025
 -65.705025
 -68.730377
 -68.730377
 -68.730377
 -68.730377
 -68.730377
 -68.730377
 -68.730377
 -64.293404
 -64.293404
 -64.293404
 -63.465549
 -63.465549
 -63.465549
 -62.014538
 -62.014538
 -62.014538
 -61.686729
 -61.686729
 -61.686729
 -60.77158
 -60.77158
 -61.686729
 -61.686729
 -61.686729
 -61.686729
 -62.709778
 -62.709778
 -62.709778
 -62.709778
 -61.066044
 -61.066044
 -61.066044
 -62.355202
 -62.355202
 -62.355202
 -59.684425
 -59.684425
 -59.684425
 -63.465549
 -63.465549
 -63.465549
 -63.465549
 -63.465549
 -63.465549
 -65.705025
 -65.705025
 -65.705025
 -65.705025
 -65.705025
 -65.705025
 -65.208549
 -65.208549
 -61.370842
 -61.370842
 -61.370842
 -61.370842
 -63.869617
 -63.869617
 -63.869617
 -61.370842
 -61.370842
 -61.370842
 -62.014538
 -62.014538
 -62.014538
 -62.014538
 -62.014538
 -62.014538
 -66.231606
 -66.231606
 -66.231606
 -66.231606
 -65.705025
 -65.705025
 -65.705025
 -65.705025
 -65.705025
 -65.705025
 -63.079445
 -63.079445
 -63.079445
 -62.709778
 -62.709778
 -62.709778
 -64.293404
 -64.293404
 -64.293404
 -64.73893
 -64.73893
 -64.73893
 -64.73893
 -65.705025
 -65.705025
 -67.391441
 -67.391441
 -67.391441
 -68.035133
 -68.035133
 -68.035133
 -71.229156
 -71.229156
 -71.229156
 -70.314003
 -70.314003
 -70.314003
 -70.314003
 -74.750977
 -74.750977
 -74.750977
 -70.314003
 -70.314003
 -70.314003
 -72.252205
 -72.252205
 -72.252205
 -78.272804
 -78.272804
 -78.272804
 -78.272804
 -78.272804
 -78.272804
 -78.272804
 -72.252205
 -72.252205
 -68.035133
 -68.035133
 -68.035133
 -72.252205
 -72.252205
 -72.252205
 -72.252205
 -71.229156
 -71.229156
 -71.229156
 -73.412041
 -73.412041
 -70.314003
 -70.314003
 -70.314003
 -72.252205
 -72.252205
 -72.252205
 -72.252205
 -68.730377
 -68.730377
 -68.730377
 -76.334602
 -76.334602
 -76.334602
 -71.229156
 -71.229156
 -71.229156
 -71.229156
 -71.229156
 -71.229156
 -70.314003
 -70.314003
 -70.314003
 -70.314003
 -73.412041
 -73.412041
 -73.412041
 -69.486153
 -69.486153
 -69.486153
 -72.252205
 -72.252205
 -76.334602
 -76.334602
 -76.334602
 -76.334602
 -69.486153
 -69.486153
 -69.486153
 -68.035133
 -68.035133
 -68.035133
 -68.035133
 -68.730377
 -68.730377
 -66.792175
 -66.792175
 -66.792175
 -64.293404
 -64.293404
 -64.293404
 -62.014538
 -62.014538
 -62.014538
 -62.014538
 -62.014538
 -62.014538
 -62.014538
 -63.869617
 -63.869617
 -63.869617
 -63.079445
 -63.079445
 -63.079445
 -62.709778
 -62.709778
 -62.709778
 -63.079445
 -63.079445
 -63.079445
 -63.079445
 -63.079445
 -63.079445
 -63.869617
 -63.869617
 -63.869617
 -63.869617
 -63.869617
 -63.869617
 -63.869617
 -66.231606
 -66.231606
 -66.231606
 -64.293404
 -64.293404
 -64.293404
 -68.730377
 -68.730377
 -68.730377
 -68.730377
 -68.730377
 -68.730377
 -68.730377
 -68.730377
 -69.486153
 -69.486153
 -69.486153
 -69.486153
 -74.750977
 -74.750977
 -74.750977
 -74.750977
 -74.750977
 -74.750977
 -67.391441
 -67.391441
 -67.391441
 -72.252205
 -72.252205
 -72.252205
 -68.730377
 -68.730377
 -68.730377
 -69.486153
 -69.486153
 -69.486153
 -67.391441
 -67.391441
 -67.391441
 -67.391441
 -68.730377
 -68.730377
 -68.730377
 -63.869617
 -63.869617
 -63.869617
 -65.208549
 -65.208549
 -63.079445
 -63.079445
 -63.079445
 -63.079445
 -62.355202
 -62.355202
 -62.355202
 -61.686729
 -61.686729
 -61.686729
 -60.77158
 -60.77158
 -60.77158
 -58.94997
 -58.94997
 -58.94997
 -57.44495
 -57.44495
 -57.44495
 -57.44495
 -57.249752
 -57.249752
 -57.644634
 -57.644634
 -57.644634
 -57.644634
 -60.211002
 -60.211002
 -61.066044
 -61.066044
 -61.066044
 -61.066044
 -60.486771
 -60.486771
 -60.486771
 -62.014538
 -62.014538
 -62.014538
 -61.370842
 -61.370842
 -61.370842
 -61.370842
 -61.370842
 -61.370842
 -62.709778
 -62.709778
 -62.709778
 -65.208549
 -65.208549
 -65.208549
 -69.486153
 -69.486153
 -69.486153
 -70.314003
 -70.314003
 -70.314003
 -70.314003
 -69.486153
 -69.486153
 -74.750977
 -74.750977
 -74.750977
 -74.750977
 -71.229156
 -71.229156
 -71.229156
 -71.229156
 -71.229156
 -71.229156
 -73.412041
 -73.412041
 -73.412041
 -68.730377
 -68.730377
 -68.730377
 -70.314003
 -70.314003
 -70.314003
 -70.314003
 -66.792175
 -66.792175
 -66.792175
 -58.49271
 -58.49271
 -58.49271
 -58.49271
 -58.49271
 -53.663826
 -53.663826
 -53.663826
 -52.929367
 -52.929367
 -52.929367
 -52.929367
 -53.412041
 -53.412041
 -53.412041
 -53.923126
 -53.923126
 -53.923126
 -55.350243
 -55.350243
 -55.350243
 -62.709778
 -62.709778
 -62.709778
 -67.391441
 -67.391441
 -67.391441
 -57.849018
 -57.849018
 -57.849018
 -57.849018
 -35.3969
 -35.3969
 -35.3969
 -26.642912
 -26.642912
 -26.642912
 -30.91637
 -30.91637
 -30.91637
 -76.334602
 -76.334602
 -76.334602
 -80.771576
 -80.771576
 -80.771576
 -80.771576
 -76.334602
 -76.334602
 -76.334602
 -76.334602
 -76.334602
 -48.950287
 -48.950287
 -48.950287
 -49.024845
 -49.024845
 -49.024845
 -74.750977
 -74.750977
 -74.750977
 -73.412041
 -73.412041
 -73.412041
 -63.869617
 -63.869617
 -63.869617
 -37.890476
 -37.890476
 -37.890476
 -37.890476
 -39.285004
 -39.285004
 -80.771576
 -80.771576
 -80.771576
 -80.771576
 -55.666126
 -55.666126
 -55.666126
 -21.141247
 -21.141247
 -21.141247
 -73.412041
 -73.412041
 -73.412041
 -65.208549
 -65.208549
 -65.208549
 -72.252205
 -72.252205
 -72.252205
 -80.771576
 -80.771576
 -80.771576
 -80.771576
 -41.527348
 -41.527348
 -41.527348
 -22.255026
 -22.255026
 -22.255026
 -26.490574
 -26.490574
 -26.490574
 -39.285004
 -39.285004
 -39.285004
 -33.715069
 -33.715069
 -33.715069
 -39.020683
 -39.020683
 -39.020683
 -84.293404
 -84.293404
 -84.293404
 -73.412041
 -73.412041
 -73.412041
 -60.77158
 -60.77158
 -60.77158
 -34.693264
 -34.693264
 -34.693264
 -33.107243
 -33.107243
 -33.107243
 -33.107243
 -49.486149
 -49.486149
 -49.486149
 -52.472111
 -52.472111
 -52.472111
 -52.472111
 -52.472111
 -52.472111
 -68.035133
 -68.035133
 -68.035133
 -71.229156
 -71.229156
 -71.229156
 -71.229156
 -71.229156
 -71.229156
 -63.079445
 -63.079445
 -63.079445
 -61.686729
 -61.686729
 -61.686729
 -76.334602
 -76.334602
 -76.334602
 -76.334602
 -84.293404
 -84.293404
 -74.750977
 -74.750977
 -74.750977
 -74.750977
 -69.486153
 -69.486153
 -69.486153
 -74.750977
 -74.750977
 -74.750977
 -74.750977
 -74.750977
 -74.750977
 -73.412041
 -73.412041
 -73.412041
 -74.750977
 -74.750977
 -74.750977
 -68.035133
 -68.035133
 -68.035133
 -72.252205
 -72.252205
 -72.252205
 -72.252205
 -80.771576
 -80.771576
 -80.771576
 -71.229156
 -71.229156
 -76.334602
 -76.334602
 -76.334602
 -73.412041
 -73.412041
 -73.412041
 -74.750977
 -74.750977
 -74.750977
 -74.750977
 -70.314003
 -70.314003
 -70.314003
 -78.272804
 -78.272804
 -78.272804
 -71.229156
 -71.229156
 -71.229156
 -72.252205
 -72.252205
 -72.252205
 -76.334602
 -76.334602
 -76.334602
 -73.412041
 -73.412041
 -73.412041
 -74.750977
 -74.750977
 -74.750977
 -74.750977
 -84.293404
 -84.293404
 -84.293404
 -72.252205
 -72.252205
 -71.229156
 -71.229156
 -71.229156
 -71.229156
 -71.229156
 -71.229156
 -71.229156
 -74.750977
 -74.750977
 -74.750977
 -73.412041
 -73.412041
 -73.412041
 -71.229156
 -71.229156
 -71.229156
 -73.412041
 -73.412041
 -73.412041
 -74.750977
 -74.750977
 -74.750977
 -71.229156
 -71.229156
 -71.229156
 -78.272804
 -78.272804
 -78.272804
 -78.272804
 -78.272804
 -78.272804
 -78.272804
 -74.750977
 -74.750977
 -74.750977
 -72.252205
 -72.252205
 -72.252205
 -76.334602
 -76.334602
 -76.334602
 -76.334602
 -76.334602
 -76.334602
 -71.229156
 -71.229156
 -71.229156
 0
 0
 0
 -74.750977
 -74.750977
 -74.750977
 -90.314003
 -90.314003
 -90.314003
 -90.314003
 -74.750977
 -74.750977
 -74.750977
 -74.750977
 -74.750977
 -74.750977
 -71.229156
 -71.229156
 -71.229156
 -73.412041
 -73.412041
 -71.229156
 -71.229156
 -71.229156
 -71.229156
 -73.412041
 -73.412041
 -73.412041
 -74.750977
 -74.750977
 -74.750977
 -71.229156
 -71.229156
 -71.229156
 -74.750977
 -74.750977
 -74.750977
 -74.750977
 -74.750977
 -74.750977
 -78.272804
 -78.272804
 -78.272804
 -78.272804
 -84.293404
 -84.293404
 -84.293404
 -69.486153
 -69.486153
 -69.486153
 -73.412041
 -73.412041
 -73.412041
 -74.750977
 -74.750977
 -74.750977
 -68.730377
 -68.730377
 -68.730377
 -78.272804
 -78.272804
 -78.272804
 -73.412041
 -73.412041
 -73.412041
 -76.334602
 -76.334602
 -76.334602
 -76.334602
 -76.334602
 -76.334602
 -73.412041
 -73.412041
 -73.412041
 -73.412041
 -68.035133
 -68.035133
 -66.231606
 -66.231606
 -66.231606
 -66.231606
 -65.208549
 -65.208549
 -65.208549
 -63.079445
 -63.079445
 -63.079445
 -57.249752
 -57.249752
 -57.249752
 -42.251595
 -42.251595
 -42.251595
 -27.098633
 -27.098633
 -27.098633
 -15.008084
 -15.008084
 -15.008084
 -6.595798
 -6.595798
 -6.595798
 -1.438108
 -1.438108
 -1.438108
 0.540763
 0.540763
 0.540763
 0.540763
 6.015463
 6.015463
 6.015463
 -6.531499
 -6.531499
 -6.531499
 6.015463
 6.015463
 6.015463
 -4.126085
 -4.126085
 -4.126085
 -6.568666
 -6.568666
 -6.568666
 -7.248074
 -7.248074
 -7.248074
 -7.248074
 -7.248074
 -7.248074
 -7.850042
 -7.850042
 -7.850042
 -8.507431
 -8.507431
 -8.507431
 -8.507431
 -8.507431
 -8.507431
 -8.083376
 -8.083376
 -8.083376
 -8.083376
 -6.871874
 -6.871874
 -6.871874
 -5.505015
 -5.505015
 -5.505015
 -4.91441
 -4.91441
 -4.91441
 -5.183978
 -5.183978
 -5.183978
 -5.056916
 -5.056916
 -5.056916
 -5.172437
 -5.172437
 -5.172437
 -5.690731
 -5.690731
 -5.690731
 -6.159162
 -6.159162
 -6.159162
 -6.819437
 -6.819437
 -6.819437
 -7.259066
 -7.259066
 -7.259066
 -7.259066
 -8.283186
 -8.283186
 -8.283186
 -13.661271
 -13.661271
 -13.661271
 -12.313218
 -12.313218
 -12.313218
 -15.82357
 -15.82357
 -15.82357
 -40.599575
 -40.599575
 -40.599575
 -71.229156
 -71.229156
 -71.229156
 -74.750977
 -74.750977
 -74.750977
 -73.412041
 -73.412041
 -73.412041
 -73.412041
 -65.208549
 -65.208549
 -65.208549
 -51.424351
 -51.424351
 -51.424351
 -53.537022
 -53.537022
 -53.537022
 -50.668579
 -50.668579
 -50.668579
 -42.966885
 -42.966885
 -42.966885
 -42.966885
 -42.966885
 -42.966885
 -42.782463
 -42.782463
 -42.782463
 -44.121399
 -44.121399
 -44.121399
 -46.620174
 -46.620174
 -46.620174
 -46.620174
 -49.329643
 -49.329643
 -52.361462
 -52.361462
 -52.361462
 -52.361462
 -53.537022
 -53.537022
 -53.537022
 -54.055737
 -54.055737
 -54.055737
 -54.190403
 -54.190403
 -54.190403
 -48.586807
 -48.586807
 -48.586807
 -38.62738
 -38.62738
 -38.62738
 -40.628006
 -40.628006
 -40.628006
 -41.622623
 -41.622623
 -41.622623
 -27.128677
 -27.128677
 -27.128677
 -27.478739
 -27.478739
 -27.478739
 -27.478739
 -35.288422
 -35.288422
 -35.288422
 -53.047546
 -53.047546
 -53.047546
 -53.047546
 -53.047546
 -53.047546
 -74.750977
 -74.750977
 -74.750977
 -76.334602
 -76.334602
 -76.334602
 -74.750977
 -74.750977
 -74.750977
 -73.412041
 -73.412041
 -73.412041
 -76.334602
 -76.334602
 -76.334602
 -61.686729
 -61.686729
 -61.686729
 -37.54422
 -37.54422
 -37.54422
 -33.805481
 -33.805481
 -33.805481
 -33.805481
 -45.603436
 -45.603436
 -45.603436
 -33.276611
 -33.276611
 -26.84445
 -26.84445
 -26.84445
 -26.84445
 -24.121399
 -24.121399
 -24.121399
 -24.032444
 -24.032444
 -24.032444
 -24.028231
 -24.028231
 -24.028231
 -23.956913
 -23.956913
 -23.956913
 -23.795485
 -23.795485
 -23.795485
 -23.689508
 -23.689508
 -23.689508
 -23.689508
 -23.689508
 -23.689508
 -23.689508
 -23.572809
 -23.572809
 -23.572809
 -23.383032
 -23.383032
 -23.383032
 -23.243372
 -23.243372
 -23.243372
 -23.174376
 -23.174376
 -23.174376
 -23.015482
 -23.015482
 -23.015482
 -22.863127
 -22.863127
 -22.863127
 -23.026735
 -23.026735
 -23.026735
 -23.155306
 -23.155306
 -23.155306
 -23.151497
 -23.151497
 -23.151497
 -23.151497
 -23.201141
 -23.201141
 -23.201141
 -23.231834
 -23.231834
 -23.231834
 -23.117294
 -23.117294
 -23.117294
 -22.73152
 -22.73152
 -22.73152
 -21.954611
 -21.954611
 -21.954611
 -22.095085
 -22.095085
 -22.095085
 -22.753317
 -22.753317
 -22.753317
 -22.520052
 -22.520052
 -22.520052
 -22.376074
 -22.376074
 -22.376074
 -22.477665
 -22.477665
 -22.477665
 -22.619768
 -22.619768
 -22.619768
 -22.619768
 -22.601877
 -22.601877
 -22.601877
 -22.644876
 -22.644876
 -22.644876
 -22.544874
 -22.544874
 -22.544874
 -22.580458
 -22.580458
 -22.580458
 -22.566206
 -22.566206
 -22.566206
 -22.566206
 -22.566206
 -22.566206
 -22.393505
 -22.393505
 -22.393505
 -22.393505
 -22.393505
 -22.393505
 -22.393505
 -22.386528
 -22.386528
 -22.386528
 -22.410971
 -22.410971
 -22.410971
 -22.431976
 -22.431976
 -22.431976
 -22.474142
 -22.474142
 -22.474142
 -22.502365
 -22.502365
 -22.502365
 -22.544874
 -22.544874
 -22.544874
 -22.594732
 -22.594732
 -22.594732
 -19.893858
 -19.893858
 -19.893858
 -27.056744
 -27.056744
 -27.056744
 -27.056744
 -31.123636
 -31.123636
 -32.720619
 -32.720619
 -32.720619
 -32.720619
 -38.294544
 -38.294544
 -38.294544
 -49.252434
 -49.252434
 -49.252434
 -51.523617
 -51.523617
 -51.523617
 -52.252205
 -52.252205
 -52.252205
 -48.375801
 -48.375801
 -48.375801
 -42.460064
 -42.460064
 -42.460064
 -41.339878
 -41.339878
 -41.339878
 -50.489483
 -50.489483
 -50.489483
 -50.578568
 -50.578568
 -50.578568
 -50.578568
 -50.057259
 -50.057259
 -50.057259
 -50.057259
 -50.057259
 -50.057259
 -50.227577
 -50.227577
 -50.227577
 -49.890217
 -49.890217
 -49.890217
 -49.890217
 -49.890217
 -49.890217
 -49.890217
 -49.890217
 -49.890217
 -50.057259
 -50.057259
 -50.057259
 -49.973335
 -49.973335
 -49.973335
 -49.890217
 -49.890217
 -49.890217
 -50.141998
 -50.141998
 -50.141998
 -49.565472
 -49.565472
 -49.565472
 -49.565472
 -50.057259
 -50.057259
 -50.057259
 -50.141998
 -50.141998
 -50.141998
 -50.057259
 -50.057259
 -50.057259
 -50.227577
 -50.227577
 -50.227577
 -49.973335
 -49.973335
 -49.973335
 -50.314003
 -50.314003
 -50.314003
 -50.141998
 -50.141998
 -50.141998
 -50.141998
 -50.141998
 -50.141998
 -50.141998
 -49.807884
 -49.807884
 -49.807884
 -49.973335
 -49.973335
 -49.973335
 -49.973335
 -49.973335
 -49.973335
 -49.973335
 -49.973335
 -49.973335
 -50.314003
 -50.314003
 -50.314003
 -49.565472
 -49.565472
 -49.565472
 -49.973335
 -49.973335
 -49.973335
 -49.890217
 -49.890217
 -49.890217
 -49.973335
 -49.973335
 -49.973335
 -49.973335
 -49.973335
 -49.973335
 -49.890217
 -49.890217
 -49.890217
 -49.726326
 -49.726326
 -49.726326
 -49.726326
 -49.973335
 -49.973335
 -49.973335
 -49.807884
 -49.807884
 -49.807884
 -49.973335
 -49.973335
 -49.973335
 -50.227577
 -50.227577
 -50.227577
 -50.057259
 -50.057259
 -50.057259
 -49.890217
 -49.890217
 -49.890217
 -49.726326
 -49.726326
 -49.726326
 -50.401299
 -50.401299
 -50.401299
 -50.227577
 -50.227577
 -50.227577
 -49.645527
 -49.645527
 -49.645527
 -49.645527
 -49.645527
 -49.645527
 -49.645527
 -50.227577
 -50.227577
 -50.227577
 -50.057259
 -50.057259
 -50.057259
 -49.645527
 -49.645527
 -49.645527
 -49.486149
 -49.486149
 -49.486149
 -49.890217
 -49.890217
 -49.890217
 -49.645527
 -49.645527
 -49.645527
 -49.726326
 -49.726326
 -49.726326
 -49.726326
 -49.565472
 -49.565472
 -49.807884
 -49.807884
 -49.807884
 -49.407543
 -49.407543
 -49.407543
 -49.407543
 -49.565472
 -49.565472
 -49.565472
 -49.252434
 -49.252434
 -49.252434
 -49.486149
 -49.486149
 -49.486149
 -49.726326
 -49.726326
 -49.726326
 -49.486149
 -49.486149
 -49.486149
 -49.565472
 -49.565472
 -49.565472
 -49.565472
 -49.565472
 -49.565472
 -49.486149
 -49.486149
 -49.486149
 -49.407543
 -49.407543
 -49.407543
 -49.726326
 -49.726326
 -49.726326
 -49.726326
 -49.329643
 -49.329643
 -49.973335
 -49.973335
 -49.973335
 -49.973335
 -49.565472
 -49.565472
 -49.565472
 -49.645527
 -49.645527
 -49.645527
 -49.565472
 -49.565472
 -49.565472
 -49.565472
 -49.565472
 -49.565472
 -49.565472
 -49.565472
 -49.565472
 -49.407543
 -49.407543
 -49.407543
 -49.726326
 -49.726326
 -49.726326
 -49.726326
 -49.890217
 -49.890217
 -49.890217
 -50.227577
 -50.227577
 -50.227577
 -50.227577
 -50.227577
 -50.227577
 -49.973335
 -49.973335
 -49.973335
 -49.726326
 -49.726326
 -49.726326
 -49.973335
 -49.973335
 -49.973335
 -50.401299
 -50.401299
 -50.401299
 -49.726326
 -49.726326
 -49.726326
 -50.057259
 -50.057259
 -50.057259
 -50.057259
 -50.057259
 -50.057259
 -49.973335
 -49.973335
 -49.973335
 -49.973335
 -49.973335
 -49.973335
 -49.973335
 -50.489483
 -50.489483
 -50.489483
 -49.890217
 -49.890217
 -49.890217
 -49.973335
 -49.973335
 -49.973335
 -49.726326
 -49.726326
 -49.726326
 -49.726326
 -49.726326
 -49.726326
 -49.645527
 -49.645527
 -49.645527
 -49.645527
 -49.645527
 -49.645527
 -49.726326
 -49.726326
 -49.726326
 -49.565472
 -49.565472
 -49.565472
 -49.565472
 -49.645527
 -49.645527
 -49.645527
 -50.057259
 -50.057259
 -50.057259
 -49.973335
 -49.973335
 -49.973335
 -49.807884
 -49.807884
 -49.807884
 -49.807884
 -49.807884
 -49.807884
 -49.890217
 -49.890217
 -49.890217
 -49.807884
 -49.807884
 -49.807884
 -49.565472
 -49.565472
 -49.565472
 -49.565472
 -49.973335
 -49.973335
 -49.807884
 -49.807884
 -49.807884
 -49.890217
 -49.890217
 -49.890217
 -49.726326
 -49.726326
 -49.726326
 -49.726326
 -49.726326
 -49.726326
 -49.726326
 -49.973335
 -49.973335
 -49.973335
 -49.973335
 -49.973335
 -49.973335
 -49.807884
 -49.807884
 -49.807884
 -49.407543
 -49.407543
 -49.407543
 -49.807884
 -49.807884
 -49.807884
 -49.407543
 -49.407543
 -49.407543
 -49.407543
 -49.486149
 -49.486149
 -49.486149
 -49.486149
 -49.486149
 -49.565472
 -49.565472
 -49.565472
 -49.565472
 -49.973335
 -49.973335
 -49.973335
 -49.973335
 -49.973335
 -49.973335
 -50.227577
 -50.227577
 -50.227577
 -50.141998
 -50.141998
 -50.141998
 -50.401299
 -50.401299
 -50.401299
 -50.314003
 -50.314003
 -50.314003
 -50.851444
 -50.851444
 -50.851444
 -50.851444
 -50.578568
 -50.578568
 -50.578568
 -50.227577
 -50.227577
 -50.227577
 -50.944344
 -50.944344
 -50.944344
 -51.038246
 -51.038246
 -51.038246
 -50.944344
 -50.944344
 -50.944344
 -50.489483
 -50.489483
 -50.489483
 -50.668579
 -50.668579
 -50.668579
 -50.851444
 -50.851444
 -50.851444
 -50.944344
 -50.944344
 -50.944344
 -50.759533
 -50.759533
 -50.759533
 -50.489483
 -50.489483
 -50.489483
 -50.489483
 -50.759533
 -50.759533
 -50.759533
 -50.851444
 -50.851444
 -50.851444
 -50.759533
 -50.759533
 -50.759533
 -50.668579
 -50.668579
 -50.668579
 -50.851444
 -50.851444
 -50.851444
 -50.851444
 -50.851444
 -50.851444
 -51.133175
 -51.133175
 -51.133175
 -50.851444
 -50.851444
 -50.851444
 -50.851444
 -50.489483
 -50.489483
 -50.489483
 -49.973335
 -49.973335
 -50.057259
 -50.057259
 -50.057259
 -50.057259
 -49.890217
 -49.890217
 -49.890217
 -49.807884
 -49.807884
 -49.807884
 -49.486149
 -49.486149
 -49.486149
 -50.141998
 -50.141998
 -50.141998
 -49.726326
 -49.726326
 -49.726326
 -49.726326
 -49.726326
 -49.726326
 -49.726326
 -49.726326
 -49.726326
 -49.726326
 -49.726326
 -49.726326
 -49.486149
 -49.486149
 -49.486149
 -49.645527
 -49.645527
 -49.645527
 -49.645527
 -49.252434
 -49.252434
 -49.252434
 -49.565472
 -49.565472
 -49.565472
 -49.565472
 -49.565472
 -49.565472
 -49.486149
 -49.486149
 -49.486149
 -50.141998
 -50.141998
 -50.141998
 -50.141998
 -50.141998
 -50.141998
 -50.314003
 -50.314003
 -50.314003
 -50.314003
 -50.401299
 -50.401299
 -50.401299
 -50.578568
 -50.578568
 -50.578568
 -49.890217
 -49.890217
 -49.890217
