# t
 4.105439
 4.123213
 4.154198
 4.163542
 4.173549
 4.183552
 4.197563
 4.220258
 4.231202
 4.242255
 4.252253
 4.263256
 4.27791
 4.28791
 4.297917
 4.311918
 4.323402
 4.336407
 4.349391
 4.359393
 4.369427
 4.379427
 4.389434
 4.402441
 4.413428
 4.425415
 4.437398
 4.44744
 4.457401
 4.467413
 4.479256
 4.489255
 4.499252
 4.509251
 4.521263
 4.531279
 4.541219
 4.551246
 4.561224
 4.571226
 4.581349
 4.591376
 4.601366
 4.61135
 4.621341
 4.631259
 4.641252
 4.651253
 4.661252
 4.671245
 4.681298
 4.691301
 4.701304
 4.711297
 4.721299
 4.731274
 4.741311
 4.751282
 4.761271
 4.771268
 4.780692
 4.790784
 4.800753
 4.81075
 4.820785
 4.831312
 4.841372
 4.851396
 4.861366
 4.871374
 4.881114
 4.891174
 4.901115
 4.911162
 4.921178
 4.931211
 4.94127
 4.951274
 4.961276
 4.971277
 4.981198
 4.991255
 5.00124
 5.011256
 5.021257
 5.031225
 5.041281
 5.051284
 5.061294
 5.071333
 5.081306
 5.091367
 5.101385
 5.111362
 5.121372
 5.131354
 5.141382
 5.151408
 5.161391
 5.171382
 5.181349
 5.191253
 5.201274
 5.211251
 5.221252
 5.231195
 5.241416
 5.251418
 5.261418
 5.271423
 5.281383
 5.29137
 5.30138
 5.311377
 5.321364
 5.331286
 5.34132
 5.351331
 5.361322
 5.371321
 5.381263
 5.391327
 5.401369
 5.411322
 5.421332
 5.431252
 5.441298
 5.451257
 5.461259
 5.471255
 5.481196
 5.491204
 5.501231
 5.511209
 5.52121
 5.531142
 5.541289
 5.551268
 5.561264
 5.571261
 5.581221
 5.591318
 5.601327
 5.611303
 5.621305
 5.631236
 5.641295
 5.651337
 5.66134
 5.671338
 5.681277
 5.691353
 5.701383
 5.711359
 5.721365
 5.731302
 5.74137
 5.751264
 5.76129
 5.77124
 5.781238
 5.791237
 5.801403
 5.811382
 5.821375
 5.83137
 5.841372
 5.851437
 5.861442
 5.871432
 5.88144
 5.891426
 5.901458
 5.911445
 5.921429
 5.931433
 5.941436
 5.951459
 5.961445
 5.971435
 5.98144
 5.991436
 6.001459
 6.01144
 6.021438
 6.031449
 6.041439
 6.051428
 6.061497
 6.07143
 6.081439
 6.091439
 6.101463
 6.11144
 6.121458
 6.131437
 6.141441
 6.151437
 6.161434
 6.171439
 6.18144
 6.191467
 6.201464
 6.211429
 6.221451
 6.231436
 6.24144
 6.251452
 6.26144
 6.271437
 6.281437
 6.291433
 6.301458
 6.311458
 6.32144
 6.331434
 6.34144
 6.351436
 6.361436
 6.371464
 6.381433
 6.391437
 6.401455
 6.411439
 6.421449
 6.431433
 6.441428
 6.451436
 6.461467
 6.47143
 6.481466
 6.491436
 6.509468
 6.519495
 6.529479
 6.539531
 6.551487
 6.561487
 6.572525
 6.582494
 6.592478
 6.602474
 6.612475
 6.622479
 6.632468
 6.642499
 6.652477
 6.662479
 6.672477
 6.682474
 6.692476
 6.702473
 6.712501
 6.72247
 6.732481
 6.742471
 6.752475
 6.762478
 6.772476
 6.782479
 6.792476
 6.802499
 6.81248
 6.822478
 6.832472
 6.842471
 6.852481
 6.862476
 6.872474
 6.882487
 6.892481
 6.902478
 6.912484
 6.922476
 6.932473
 6.942474
 6.952483
 6.962482
 6.972475
 6.982482
 6.992472
 7.002468
 7.012479
 7.022502
 7.032475
 7.042481
 7.052475
 7.06248
 7.07248
 7.08247
 7.092481
 7.102474
 7.112474
 7.122476
 7.132476
 7.142475
 7.152473
 7.162478
 7.172473
 7.182477
 7.192469
 7.20249
 7.212475
 7.222475
 7.232475
 7.242471
 7.252469
 7.262475
 7.272472
 7.282475
 7.29248
 7.302482
 7.312473
 7.322496
 7.332511
 7.342483
 7.352476
 7.362476
 7.372479
 7.382472
 7.392487
 7.402477
 7.412471
 7.422473
 7.432477
 7.442481
 7.452482
 7.462473
 7.472481
 7.482492
 7.492476
 7.502474
 7.512486
 7.522486
 7.532476
 7.542482
 7.552476
 7.562468
 7.572483
 7.582475
 7.592478
 7.602501
 7.61247
 7.622487
 7.632475
 7.642516
 7.652472
 7.6625
 7.67248
 7.682505
 7.692474
 7.702467
 7.712471
 7.722476
 7.732461
 7.742477
 7.752485
 7.76249
 7.772473
 7.782472
 7.792481
 7.80247
 7.812474
 7.82247
 7.832471
 7.842484
 7.852481
 7.862473
 7.872474
 7.882481
 7.892474
 7.902478
 7.912478
 7.922478
 7.932477
 7.942483
 7.952501
 7.962482
 7.972481
 7.982479
 7.992473
 8.002474
 8.012477
 8.022474
 8.032482
 8.042472
 8.052473
 8.062487
 8.072473
 8.082479
 8.092476
 8.10248
 8.112483
 8.122472
 8.132482
 8.142475
 8.152477
 8.162482
 8.172479
 8.182476
 8.192489
 8.20248
 8.212462
 8.222479
 8.232482
 8.242487
 8.252479
 8.262515
 8.272475
 8.282483
 8.292474
 8.302467
 8.312476
 8.322477
 8.332473
 8.342488
 8.352479
 8.362489
 8.372481
 8.382469
 8.392489
 8.402505
 8.412471
 8.4225
 8.43248
 8.442474
 8.452473
 8.462477
 8.472471
 8.482475
 8.492469
 8.502477
 8.512484
 8.522473
 8.532479
 8.542486
 8.552478
 8.56249
 8.572517
 8.582474
 8.592478
 8.60247
 8.612473
 8.622488
 8.632468
 8.642486
 8.652479
 8.662478
 8.672475
 8.682474
 8.692481
 8.702473
 8.712491
 8.722481
 8.732468
 8.742469
 8.752482
 8.762476
 8.772474
 8.782482
 8.792475
 8.80249
 8.812486
 8.822478
 8.832469
 8.842461
 8.852473
 8.86247
 8.872496
 8.882524
 8.892474
 8.902478
 8.91247
 8.922476
 8.932481
 8.942477
 8.952476
 8.962509
 8.972481
 8.982473
 8.992483
 9.002479
 9.012474
 9.022483
 9.032486
 9.042478
 9.052478
 9.062479
 9.072475
 9.082479
 9.092476
 9.102468
 9.112478
 9.122481
 9.132478
 9.142475
 9.152477
 9.162472
 9.172473
 9.182482
 9.19251
 9.202484
 9.212464
 9.222468
 9.232475
 9.242475
 9.252469
 9.262485
 9.272479
 9.282477
 9.29247
 9.302474
 9.312485
 9.32247
 9.332483
 9.342475
 9.35247
 9.362484
 9.372482
 9.382472
 9.392475
 9.402467
 9.412461
 9.422474
 9.432484
 9.442483
 9.452475
 9.462464
 9.472478
 9.482477
 9.49248
 9.502512
 9.512471
 9.522482
 9.532471
 9.542472
 9.552481
 9.562477
 9.572476
 9.582482
 9.592493
 9.602483
 9.612462
 9.622473
 9.632474
 9.642475
 9.652476
 9.66248
 9.672473
 9.68249
 9.692474
 9.70247
 9.712479
 9.722471
 9.732488
 9.74248
 9.752473
 9.762488
 9.772483
 9.782474
 9.792467
 9.802464
 9.812509
 9.82248
 9.832477
 9.842461
 9.852464
 9.862474
 9.872484
 9.882479
 9.892476
 9.902484
 9.912474
 9.922484
 9.932474
 9.942476
 9.952476
 9.962478
 9.972473
 9.982472
 9.992483
 10.00248
 10.012472
 10.02249
 10.032481
 10.042472
 10.05247
 10.062476
 10.072471
 10.082491
 10.092486
 10.102476
 10.112481
 10.122513
 10.132475
 10.14249
 10.153437
 10.163435
 10.173429
 10.183432
 10.193433
 10.203432
 10.213437
 10.223426
 10.233438
 10.243428
 10.253428
 10.26343
 10.273435
 10.28343
 10.293429
 10.303434
 10.313439
 10.32344
 10.333436
 10.343428
 10.353423
 10.363432
 10.373427
 10.38343
 10.393455
 10.403433
 10.413421
 10.423424
 10.433424
 10.443437
 10.453458
 10.463461
 10.473439
 10.48344
 10.493432
 10.503433
 10.513441
 10.523429
 10.533431
 10.543428
 10.553427
 10.563428
 10.573434
 10.583428
 10.593434
 10.603454
 10.613425
 10.62343
 10.633428
 10.643428
 10.653431
 10.663429
 10.673428
 10.68343
 10.693436
 10.703428
 10.713434
 10.723457
 10.733452
 10.743447
 10.753428
 10.763433
 10.773459
 10.783431
 10.793428
 10.80343
 10.813428
 10.823438
 10.833431
 10.843425
 10.853422
 10.863437
 10.873429
 10.883425
 10.893432
 10.903429
 10.913477
 10.923425
 10.933425
 10.943429
 10.953436
 10.963495
 10.973434
 10.983434
 10.993423
 11.003428
 11.013431
 11.023429
 11.033424
 11.043427
 11.05343
 11.063426
 11.073426
 11.083458
 11.093435
 11.103422
 11.113424
 11.123425
 11.133462
 11.143427
 11.153431
 11.163424
 11.173429
 11.183432
 11.193435
 11.203427
 11.213429
 11.223438
 11.233432
 11.243432
 11.253436
 11.263431
 11.273424
 11.283437
 11.293427
 11.303418
 11.313427
 11.323431
 11.333426
 11.343431
 11.353428
 11.363432
 11.37345
 11.383444
 11.393462
 11.403434
 11.413435
 11.423432
 11.433433
 11.443437
 11.45343
 11.463438
 11.473451
 11.483434
 11.493431
 11.503428
 11.513424
 11.523429
 11.533428
 11.54343
 11.553426
 11.563432
 11.573435
 11.583434
 11.593426
 11.60343
 11.613431
 11.623424
 11.63345
 11.643427
 11.653426
 11.66344
 11.673432
 11.683427
 11.693424
 11.703459
 11.713437
 11.72343
 11.733433
 11.743439
 11.753461
 11.76343
 11.773427
 11.783428
 11.793426
 11.803437
 11.813424
 11.823434
 11.833459
 11.843428
 11.853426
 11.863427
 11.873457
 11.883434
 11.893428
 11.903429
 11.913434
 11.923433
 11.933427
 11.943429
 11.953438
 11.963431
 11.973431
 11.983432
 11.993432
 12.003442
 12.013457
 12.02343
 12.033422
 12.043426
 12.053426
 12.06343
 12.07343
 12.083427
 12.093487
 12.10343
 12.113426
 12.123429
 12.133488
 12.143427
 12.15343
 12.163429
 12.173433
 12.183445
 12.193425
 12.203424
 12.213422
 12.223432
 12.233435
 12.243442
 12.253451
 12.263423
 12.273433
 12.283433
 12.293431
 12.30343
 12.313424
 12.32346
 12.333433
 12.343424
 12.353436
 12.363426
 12.373422
 12.38343
 12.393436
 12.40343
 12.413427
 12.423429
 12.433451
 12.443433
 12.453429
 12.46343
 12.473425
 12.483437
 12.493429
 12.50346
 12.513434
 12.523431
 12.533463
 12.543422
 12.553432
 12.563478
 12.573429
 12.583431
 12.593426
 12.603437
 12.613457
 12.623436
 12.633474
 12.643426
 12.653431
 12.663435
 12.67348
 12.683422
 12.693427
 12.703433
 12.713465
 12.72343
 12.733435
 12.743435
 12.753426
 12.76344
 12.773432
 12.783434
 12.793433
 12.80344
 12.813432
 12.823432
 12.833424
 12.843426
 12.853428
 12.863435
 12.873452
 12.883425
 12.893428
 12.903467
 12.913429
 12.923427
 12.933448
 12.943466
 12.953428
 12.963419
 12.973425
 12.983423
 12.993425
 13.003438
 13.013435
 13.023453
 13.033438
 13.043429
 13.053449
 13.063428
 13.073427
 13.083461
 13.093444
 13.103427
 13.113427
 13.123436
 13.133436
 13.143431
 13.15348
 13.163439
 13.173427
 13.183448
 13.193463
 13.20345
 13.213449
 13.223431
 13.233428
 13.243453
 13.253455
 13.263426
 13.273458
 13.283434
 13.293428
 13.303446
 13.31343
 13.323429
 13.333452
 13.343431
 13.353431
 13.363454
 13.373429
 13.383427
 13.393431
 13.403425
 13.413428
 13.42343
 13.433431
 13.44343
 13.453433
 13.463437
 13.473441
 13.483426
 13.49348
 13.503431
 13.513434
 13.523432
 13.533434
 13.54343
 13.55343
 13.563464
 13.573458
 13.583426
 13.593428
 13.60343
 13.613427
 13.623427
 13.633423
 13.643441
 13.653439
 13.663429
 13.67346
 13.683432
 13.693433
 13.703426
 13.713459
 13.723429
 13.733431
 13.743457
 13.753431
 13.763427
 13.773432
 13.783422
 13.793429
 13.803434
 13.813473
 13.823429
 13.833451
 13.843436
 13.853434
 13.863431
 13.873473
 13.883435
 13.89345
 13.903426
 13.913424
 13.923444
 13.933432
 13.94344
 13.953437
 13.963431
 13.973427
 13.98344
 13.993431
 14.003428
 14.013432
 14.023432
 14.033432
 14.043433
 14.053455
 14.063432
 14.073431
 14.083442
 14.093431
 14.103432
 14.113428
 14.123426
 14.133453
 14.143485
 14.153435
 14.163428
 14.173432
 14.183481
 14.193438
 14.203463
 14.213424
 14.223422
 14.233445
 14.243424
 14.253432
 14.263434
 14.273431
 14.283429
 14.293451
 14.303428
 14.313428
 14.323427
 14.333424
 14.343428
 14.35343
 14.363444
 14.37343
 14.383435
 14.393422
 14.403424
 14.413423
 14.423427
 14.433432
 14.443432
 14.453425
 14.463442
 14.473435
 14.483433
 14.493471
 14.503445
 14.513455
 14.52343
 14.533445
 14.543428
 14.553436
 14.563433
 14.573429
 14.583426
 14.593426
 14.603484
 14.613426
 14.623428
 14.633441
 14.643429
 14.653437
 14.663432
 14.673437
 14.68343
 14.693445
 14.70346
 14.713428
 14.72343
 14.733425
 14.743434
 14.753424
 14.763429
 14.773433
 14.783429
 14.793422
 14.803457
 14.813428
 14.823441
 14.833434
 14.843431
 14.853433
 14.863428
 14.873457
 14.883429
 14.893431
 14.90343
 14.91343
 14.923427
 14.933426
 14.943434
 14.953437
 14.963434
 14.973432
 14.983456
 14.993451
 15.003428
 15.01343
 15.023427
 15.033436
 15.043437
 15.053429
 15.063432
 15.073429
 15.083433
 15.093427
 15.103436
 15.113516
 15.123432
 15.133452
 15.143434
 15.153432
 15.163455
 15.173432
 15.183432
 15.193424
 15.20343
 15.213436
 15.223426
 15.233435
 15.243456
 15.253437
 15.263439
 15.27343
 15.283424
 15.293429
 15.30343
 15.313427
 15.32343
 15.333431
 15.343435
 15.353432
 15.363433
 15.373465
 15.383441
 15.39343
 15.403433
 15.41345
 15.423469
 15.433439
 15.443421
 15.453426
 15.463439
 15.473427
 15.483465
 15.493427
 15.503475
 15.513425
 15.523425
 15.533425
 15.543426
 15.553428
 15.563433
 15.573426
 15.583431
 15.593457
 15.603434
 15.613432
 15.623441
 15.633436
 15.643433
 15.653454
 15.663434
 15.673488
 15.683477
 15.693451
 15.703484
 15.720484
 15.730505
 15.740478
 15.750482
 15.760479
 15.770476
 15.780478
 15.79048
 15.800474
 15.81047
 15.820481
 15.830469
 15.84048
 15.850476
 15.860476
 15.870476
 15.880477
 15.890478
 15.900478
 15.910484
 15.92048
 15.930477
 15.940484
 15.950522
 15.960469
 15.970479
 15.980472
 15.990476
 16.00049
 16.010477
 16.020474
 16.030477
 16.040478
 16.050478
 16.060476
 16.070474
 16.080474
 16.090484
 16.100462
 16.110478
 16.12046
 16.130471
 16.140465
 16.150475
 16.160474
 16.170484
 16.180478
 16.190482
 16.200479
 16.210479
 16.220493
 16.230473
 16.240476
 16.250482
 16.260507
 16.270476
 16.280481
 16.290479
 16.300475
 16.310484
 16.320474
 16.330482
 16.340484
 16.350478
 16.360491
 16.370476
 16.380476
 16.390474
 16.400482
 16.410473
 16.420482
 16.430467
 16.440476
 16.450473
 16.46047
 16.47048
 16.480482
 16.490482
 16.500483
 16.510479
 16.520481
 16.530479
 16.540479
 16.550481
 16.560483
 16.570505
 16.580478
 16.59048
 16.600479
 16.610476
 16.620484
 16.630482
 16.640481
 16.650476
 16.660478
 16.670477
 16.680483
 16.690479
 16.70048
 16.710484
 16.720472
 16.730472
 16.740482
 16.750486
 16.760481
 16.770471
 16.78049
 16.790484
 16.800465
 16.810471
 16.82046
 16.830479
 16.840467
 16.85049
 16.860476
 16.870487
 16.880504
 16.890476
 16.900479
 16.91048
 16.920477
 16.930474
 16.940472
 16.950485
 16.960481
 16.97048
 16.980475
 16.99048
 17.000485
 17.010471
 17.020482
 17.030482
 17.040487
 17.050474
 17.060483
 17.070481
 17.080478
 17.090484
 17.100481
 17.11048
 17.120487
 17.130475
 17.140476
 17.150486
 17.160484
 17.170471
 17.18048
 17.190509
 17.200475
 17.210482
 17.220475
 17.230476
 17.240475
 17.25048
 17.260478
 17.270481
 17.280473
 17.290469
 17.300483
 17.310469
 17.32046
 17.330494
 17.340481
 17.350473
 17.360479
 17.370474
 17.380475
 17.390478
 17.400486
 17.410475
 17.420472
 17.430481
 17.440471
 17.450493
 17.460478
 17.47048
 17.480471
 17.490486
 17.500507
 17.510483
 17.520485
 17.530477
 17.540479
 17.550483
 17.560474
 17.570475
 17.580482
 17.590477
 17.600472
 17.610487
 17.620484
 17.630477
 17.640478
 17.650478
 17.660473
 17.670479
 17.680482
 17.690473
 17.70048
 17.710499
 17.720484
 17.730473
 17.74048
 17.750475
 17.760471
 17.770483
 17.780477
 17.79048
 17.800476
 17.810502
 17.820479
 17.830484
 17.840481
 17.850473
 17.860483
 17.870474
 17.880473
 17.890488
 17.900488
 17.910471
 17.92048
 17.930479
 17.94048
 17.950492
 17.960482
 17.970477
 17.980472
 17.990487
 18.00048
 18.010477
 18.020474
 18.030381
 18.040376
 18.050389
 18.060375
 18.07038
 18.080383
 18.090384
 18.100381
 18.110377
 18.120413
 18.130471
 18.140481
 18.150477
 18.16047
 18.170479
 18.180474
 18.190483
 18.200479
 18.210497
 18.220484
 18.230481
 18.240493
 18.250483
 18.260477
 18.270483
 18.280486
 18.290479
 18.300481
 18.310473
 18.320493
 18.330485
 18.340482
 18.350474
 18.360477
 18.370479
 18.380473
 18.390487
 18.400484
 18.410478
 18.420478
 18.430498
 18.440476
 18.450489
 18.460475
 18.470472
 18.480488
 18.49048
 18.500477
 18.510491
 18.520478
 18.530491
 18.54049
 18.550481
 18.560477
 18.570483
 18.580466
 18.59047
 18.600496
 18.610486
 18.620484
 18.630483
 18.640482
 18.650491
 18.660481
 18.670487
 18.680484
 18.690485
 18.700479
 18.710484
 18.720475
 18.730498
 18.7405
 18.750481
 18.760485
 18.770481
 18.780476
 18.790485
 18.800485
 18.810483
 18.820486
 18.830501
 18.840488
 18.850489
 18.860489
 18.870483
 18.880478
 18.890488
 18.900492
 18.910486
 18.920483
 18.930486
 18.940481
 18.950489
 18.960479
 18.970473
 18.980486
 18.990478
 19.00047
 19.010479
 19.020484
 19.030494
 19.040462
 19.050511
 19.060486
 19.070479
 19.080484
 19.090482
 19.100483
 19.110497
 19.120485
 19.130484
 19.140484
 19.150483
 19.16049
 19.170485
 19.180469
 19.190493
 19.200475
 19.210485
 19.220493
 19.230477
 19.240476
 19.250492
 19.260501
 19.270486
 19.280503
 19.290499
 19.300496
 19.310485
 19.320488
 19.330533
 19.340476
 19.350482
 19.360501
 19.370481
 19.380479
 19.390478
 19.400478
 19.410486
 19.420483
 19.430475
 19.440473
 19.450466
 19.460478
 19.470485
 19.480468
 19.490483
 19.500499
 19.510482
 19.520476
 19.530485
 19.54049
 19.550477
 19.560496
 19.570513
 19.580473
 19.590473
 19.600482
 19.61048
 19.620482
 19.630492
 19.640493
 19.6505
 19.66049
 19.670489
 19.680482
 19.690494
 19.700486
 19.71048
 19.720486
 19.730481
 19.740476
 19.750478
 19.760481
 19.770493
 19.780477
 19.790479
 19.800494
 19.810481
 19.820504
 19.830479
 19.840472
 19.850494
 19.860473
 19.870487
 19.880483
 19.890478
 19.900479
 19.910476
 19.92046
 19.930491
 19.940485
 19.950473
 19.96048
 19.970482
 19.980515
 19.990478
 20.000485
 20.010485
 20.020475
 20.030484
 20.040485
 20.050491
 20.060484
 20.07049
 20.080472
 20.090494
 20.10049
 20.110473
 20.120474
 20.130503
 20.140486
 20.150471
 20.16048
 20.170479
 20.180472
 20.190489
 20.200477
 20.210482
 20.220475
 20.230475
 20.240472
 20.250483
 20.260474
 20.270481
 20.280481
 20.290523
 20.300477
 20.31048
 20.32047
 20.330481
 20.34048
 20.350476
 20.360478
 20.370487
 20.380469
 20.390487
 20.40143
 20.41144
 20.42145
 20.431427
 20.441436
 20.451437
 20.46149
 20.47143
 20.481429
 20.491426
 20.50144
 20.511432
 20.521483
 20.531459
 20.541435
 20.551444
 20.561457
 20.571444
 20.581431
 20.59149
 20.601434
 20.611438
 20.621437
 20.631463
 20.641483
 20.651429
 20.661433
 20.671437
 20.681456
 20.691432
 20.701429
 20.711434
 20.721439
 20.731475
 20.741422
 20.751427
 20.761434
 20.771439
 20.781475
 20.791458
 20.801432
 20.811425
 20.821481
 20.831431
 20.84143
 20.851427
 20.861428
 20.871465
 20.881428
 20.891436
 20.901486
 20.911444
 20.921429
 20.931451
 20.941525
 20.951434
 20.961445
 20.971438
 20.981431
 20.991454
 21.00145
 21.011432
 21.021424
 21.031451
 21.041426
 21.05143
 21.06147
 21.071428
 21.081464
 21.091432
 21.101435
 21.111428
 21.12143
 21.131482
 21.141441
 21.151444
 21.161435
 21.171478
 21.18143
 21.191436
 21.201456
 21.211481
 21.221436
 21.231433
 21.241449
 21.251456
 21.261453
 21.271483
 21.281434
 21.291472
 21.301449
 21.311481
 21.321428
 21.331431
 21.341434
 21.35143
 21.361476
 21.371479
 21.381437
 21.391432
 21.401428
 21.411437
 21.421433
 21.431485
 21.441432
 21.451435
 21.461435
 21.471441
 21.481431
 21.491461
 21.501437
 21.511429
 21.521476
 21.531459
 21.541433
 21.551462
 21.561473
 21.571434
 21.581434
 21.59143
 21.601459
 21.611471
 21.621439
 21.631433
 21.64143
 21.651486
 21.66144
 21.671463
 21.681428
 21.691458
 21.701442
 21.711461
 21.721436
 21.731428
 21.74147
 21.751431
 21.761435
 21.77145
 21.781455
 21.791428
 21.801442
 21.811436
 21.82144
 21.831484
 21.841445
 21.851429
 21.861441
 21.871462
 21.881438
 21.891429
 21.901441
 21.911429
 21.921454
 21.931458
 21.941435
 21.951448
 21.961438
 21.971439
 21.981435
 21.991472
 22.001427
 22.011429
 22.021431
 22.03143
 22.041434
 22.051469
 22.061437
 22.071434
 22.081435
 22.091423
 22.101434
 22.111459
 22.121432
 22.131432
 22.141431
 22.151436
 22.161496
 22.171475
 22.181465
 22.191433
 22.201432
 22.211439
 22.221457
 22.231436
 22.241438
 22.251432
 22.261472
 22.271431
 22.281435
 22.29149
 22.301438
 22.311438
 22.321435
 22.331466
 22.341437
 22.351456
 22.361471
 22.371434
 22.381442
 22.391488
 22.401486
 22.411437
 22.421429
 22.431431
 22.441428
 22.451436
 22.461462
 22.471474
 22.48143
 22.491479
 22.501435
 22.511429
 22.52143
 22.531492
 22.54145
 22.551429
 22.56144
 22.571427
 22.581469
 22.591423
 22.601477
 22.611426
 22.621431
 22.631432
 22.641491
 22.651429
 22.661436
 22.67143
 22.681427
 22.691476
 22.701439
 22.711428
 22.721435
 22.731498
 22.741425
 22.751428
 22.761459
 22.771463
 22.781427
 22.791448
 22.801491
 22.811429
 22.821459
 22.831432
 22.841437
 22.851463
 22.86144
 22.871461
 22.881433
 22.89147
 22.901489
 22.911439
 22.921434
 22.931442
 22.94143
 22.951434
 22.961441
 22.971435
 22.981456
 22.991427
 23.00146
 23.011425
 23.021439
 23.031428
 23.041431
 23.05143
 23.061477
 23.071436
 23.081438
 23.091435
 23.101433
 23.111489
 23.121429
 23.13145
 23.141434
 23.151456
 23.161459
 23.171459
 23.181435
 23.19148
 23.20148
 23.211435
 23.221431
 23.231473
 23.241458
 23.251428
 23.261434
 23.271436
 23.281427
 23.291476
 23.301462
 23.31143
 23.32143
 23.331436
 23.341429
 23.351467
 23.361432
 23.371461
 23.381437
 23.391456
 23.401438
 23.411476
 23.421458
 23.431456
 23.441463
 23.451429
 23.461428
 23.471476
 23.48143
 23.491433
 23.501462
 23.511431
 23.521452
 23.531479
 23.541432
 23.551426
 23.56144
 23.571478
 23.581441
 23.59145
 23.601434
 23.611436
 23.621474
 23.631422
 23.641433
 23.651426
 23.661456
 23.671429
 23.681435
 23.691477
 23.701432
 23.711428
 23.721482
 23.731468
 23.741437
 23.751435
 23.761446
 23.771439
 23.78146
 23.791437
 23.801428
 23.811459
 23.821437
 23.831424
 23.841437
 23.851428
 23.861428
 23.871425
 23.881435
 23.891428
 23.901476
 23.911433
 23.921437
 23.93144
 23.94143
 23.951426
 23.961432
 23.971463
 23.981438
 23.991431
 24.001469
 24.011432
 24.021457
 24.031475
 24.041479
 24.051427
 24.061417
 24.071463
 24.081424
 24.091476
 24.101447
 24.11143
 24.121478
 24.131465
 24.141442
 24.151469
 24.161486
 24.171439
 24.181423
 24.191444
 24.201428
 24.211429
 24.22143
 24.231426
 24.241433
 24.251429
 24.261434
 24.271444
 24.281427
 24.291445
 24.301439
 24.311432
 24.321454
 24.331431
 24.341431
 24.351488
 24.361432
 24.371453
 24.381428
 24.39144
 24.401479
 24.411458
 24.42146
 24.431446
 24.441439
 24.451426
 24.461425
 24.471431
 24.481435
 24.491443
 24.501434
 24.511445
 24.521432
 24.531471
 24.541437
 24.551425
 24.561436
 24.571445
 24.581468
 24.591457
 24.601425
 24.611422
 24.621433
 24.631446
 24.641442
 24.651429
 24.66148
 24.671441
 24.681422
 24.691454
 24.701434
 24.711441
 24.721433
 24.73143
 24.741461
 24.751476
 24.761433
 24.771426
 24.781431
 24.791467
 24.801452
 24.811454
 24.82143
 24.831434
 24.84146
 24.851458
 24.861436
 24.871443
 24.881432
 24.891475
 24.901472
 24.911427
 24.921432
 24.931462
 24.941446
 24.951462
 24.961436
 24.971468
 24.981424
 24.991418
 25.00143
 25.011434
 25.021428
 25.031435
 25.041491
 25.051433
 25.061445
 25.071436
 25.081453
 25.091457
 25.101471
 25.111431
 25.12144
 25.131463
 25.141434
 25.151479
 25.161431
 25.171476
 25.181427
 25.191438
 25.201433
 25.211439
 25.221458
 25.231447
 25.241437
 25.25143
 25.261428
 25.27143
 25.281458
 25.29146
 25.301464
 25.311433
 25.321452
 25.331483
 25.341435
 25.351432
 25.361461
 25.371451
 25.381429
 25.39146
 25.401471
 25.411451
 25.421485
 25.431446
 25.441433
 25.451438
 25.461491
 25.47142
 25.481435
 25.491475
 25.501434
 25.511456
 25.521456
 25.53143
 25.541429
 25.551429
 25.561444
 25.571463
 25.581425
 25.591465
 25.601476
 25.611427
 25.621432
 25.631468
 25.641456
 25.651428
 25.661448
 25.67146
 25.681427
 25.69143
 25.701457
 25.71144
 25.721444
 25.731444
 25.741455
 25.75144
 25.761428
 25.771464
 25.781432
 25.791429
 25.801482
 25.811435
 25.821428
 25.831464
 25.841439
 25.851429
 25.861445
 25.87146
 25.881427
 25.891466
 25.901487
 25.911427
 25.921495
 25.931476
 25.941428
 25.951452
 25.961427
 25.97144
 25.981484
 25.991428
 26.001449
 26.011449
 26.021431
 26.031427
 26.041457
 26.051428
 26.06144
 26.071429
 26.081439
 26.091464
 26.101449
 26.11143
 26.121436
 26.131435
 26.141454
 26.151426
 26.16144
 26.171468
 26.181434
 26.191431
 26.201505
 26.211464
 26.221431
 26.231436
 26.24142
 26.251433
 26.261477
 26.271432
 26.281438
 26.291468
 26.301447
 26.311437
 26.321421
 26.331436
 26.341462
 26.351432
 26.361439
 26.371432
 26.381427
 26.391467
 26.401453
 26.411429
 26.421476
 26.431436
 26.441432
 26.451432
 26.461456
 26.471435
 26.481454
 26.491437
 26.50144
 26.511428
 26.521473
 26.531434
 26.541438
 26.551431
 26.561433
 26.571437
 26.581436
 26.591437
 26.601441
 26.611437
 26.621427
 26.631457
 26.641429
 26.651438
 26.661427
 26.671443
 26.681426
 26.691446
 26.701474
 26.711426
 26.721427
 26.731487
 26.741426
 26.751428
 26.761458
 26.771485
 26.781439
 26.791423
 26.801437
 26.811426
 26.8215
 26.831462
 26.84143
 26.851446
 26.861429
 26.871448
 26.881479
 26.89143
 26.90143
 26.911451
 26.921435
 26.931454
 26.941462
 26.951426
 26.961433
 26.971435
 26.981427
 26.991428
 27.001465
 27.011429
 27.021451
 27.031479
 27.04148
 27.051424
 27.061431
 27.071442
 27.081427
 27.091496
 27.101423
 27.111444
 27.121425
 27.131458
 27.141505
 27.151428
 27.161461
 27.171434
 27.181463
 27.191462
 27.201434
 27.211426
 27.221434
 27.231439
 27.241434
 27.251423
 27.26143
 27.271437
 27.281456
 27.291433
 27.301434
 27.311439
 27.321439
 27.331443
 27.341461
 27.351451
 27.361437
 27.371465
 27.381451
 27.391438
 27.401426
 27.411438
 27.421451
 27.43143
 27.44142
 27.451464
 27.461423
 27.471456
 27.481428
 27.491429
 27.501431
 27.511434
 27.521429
 27.531447
 27.541442
 27.551433
 27.561445
 27.571432
 27.581436
 27.591423
 27.60144
 27.611426
 27.621429
 27.631442
 27.641434
 27.65144
 27.661455
 27.671444
 27.681422
 27.691433
 27.701487
 27.711427
 27.721458
 27.731429
 27.741474
 27.751437
 27.761449
 27.771439
 27.781437
 27.791484
 27.801426
 27.811431
 27.821444
 27.831441
 27.841454
 27.851455
 27.861434
 27.871445
 27.881427
 27.891431
 27.90144
 27.911486
 27.921431
 27.931441
 27.941434
 27.951441
 27.961426
 27.971483
 27.981432
 27.991432
 28.001436
 28.011432
 28.02143
 28.031449
 28.04146
 28.051434
 28.061438
 28.071481
 28.081436
 28.09144
 28.101438
 28.111432
 28.121473
 28.131449
 28.141434
 28.151421
 28.161436
 28.171453
 28.18144
 28.191472
 28.201433
 28.211435
 28.221427
 28.231438
 28.241471
 28.251434
 28.261429
 28.271424
 28.281427
 28.291434
 28.301437
 28.311427
 28.321424
 28.331459
 28.341426
 28.351428
 28.361446
 28.371467
 28.381466
 28.39144
 28.401487
 28.411441
 28.42144
 28.431429
 28.441447
 28.451428
 28.461487
 28.471432
 28.481429
 28.491448
 28.501488
 28.511423
 28.521439
 28.531426
 28.541438
 28.551431
 28.561443
 28.571436
 28.581431
 28.591428
 28.601475
 28.61145
 28.621433
 28.631431
 28.641457
 28.651454
 28.661469
 28.67144
 28.68143
 28.691472
 28.701477
 28.711463
 28.721433
 28.731437
 28.741458
 28.751433
 28.761456
 28.771433
 28.781437
 28.79146
 28.801447
 28.81149
 28.821428
 28.831429
 28.841427
 28.851422
 28.861438
 28.871461
 28.881438
 28.891432
 28.901471
 28.911429
 28.921432
 28.931428
 28.941433
 28.951433
 28.961481
 28.971437
 28.981433
 28.991438
 29.001472
 29.011443
 29.021426
 29.031451
 29.04149
 29.051475
 29.061432
 29.071442
 29.081429
 29.09149
 29.101428
 29.111455
 29.121437
 29.13145
 29.141452
 29.151433
 29.161465
 29.171434
 29.181427
 29.191434
 29.201434
 29.211427
 29.221428
 29.231431
 29.241482
 29.251455
 29.261444
 29.271442
 29.281437
 29.291435
 29.301432
 29.311483
 29.321427
 29.331435
 29.341435
 29.351436
 29.36142
 29.371458
 29.381433
 29.391428
 29.40148
 29.411433
 29.421422
 29.431431
 29.441436
 29.45143
 29.461471
 29.471435
 29.481431
 29.491469
 29.501461
 29.511444
 29.521427
 29.53145
 29.541434
 29.551431
 29.561427
 29.571442
 29.581437
 29.591448
 29.601439
 29.61146
 29.621472
 29.631432
 29.641436
 29.651429
 29.661434
 29.671435
 29.681481
 29.691437
 29.701486
 29.711432
 29.721444
 29.731454
 29.741466
 29.751433
 29.761426
 29.771455
 29.781431
 29.791434
 29.801465
 29.811454
 29.821438
 29.831428
 29.841426
 29.851435
 29.861476
 29.871454
 29.881426
 29.891462
 29.901422
 29.911434
 29.921483
 29.931457
 29.941439
 29.951449
 29.961456
 29.971444
 29.981452
 29.991432
 30.001456
 30.011487
 30.021479
 30.031441
 30.041431
 30.051429
 30.061442
 30.071441
 30.081433
 30.09143
 30.101429
 30.111445
 30.121442
 30.13143
 30.141456
 30.151438
 30.161478
 30.171488
 30.181427
 30.191424
 30.201486
 30.21145
 30.221431
 30.231479
 30.241486
 30.251429
 30.261433
 30.271437
 30.281439
 30.291465
 30.301466
 30.311434
 30.321427
 30.331433
 30.341435
 30.351464
 30.361443
 30.371441
 30.38143
 30.39148
 30.401436
 30.411421
 30.421434
 30.431426
 30.441436
 30.451443
 30.461434
 30.471445
 30.481421
 30.491439
 30.501435
 30.511424
 30.521483
 30.531435
 30.54146
 30.55146
 30.561435
 30.571485
 30.581442
 30.59144
 30.601431
 30.611461
 30.621428
 30.631453
 30.641462
 30.651436
 30.661424
 30.671435
 30.681435
 30.691436
 30.701446
 30.711442
 30.721424
 30.731446
 30.741436
 30.751451
 30.761448
 30.771438
 30.781425
 30.791422
 30.801431
 30.811434
 30.821437
 30.83145
 30.841439
 30.851466
 30.861445
 30.871437
 30.881439
 30.891436
 30.901434
 30.911485
 30.92147
 30.931439
 30.94144
 30.951435
 30.961441
 30.971429
 30.981437
 30.991435
 31.001481
 31.011449
 31.021451
 31.031484
 31.041432
 31.051429
 31.06144
 31.071439
 31.081439
 31.091435
 31.101451
 31.111429
 31.121432
 31.131452
 31.141447
 31.151434
 31.161457
 31.171497
 31.18148
 31.191443
 31.201429
 31.211433
 31.221426
 31.231476
 31.241438
 31.251455
 31.261427
 31.271435
 31.281445
 31.291426
 31.30143
 31.311447
 31.321433
 31.331432
 31.341435
 31.351432
 31.361447
 31.37143
 31.381435
 31.391433
 31.401435
 31.41147
 31.421457
 31.431424
 31.441464
 31.451438
 31.461434
 31.471434
 31.481496
 31.491434
 31.501479
 31.511439
 31.521438
 31.531428
 31.541436
 31.551429
 31.561435
 31.57147
 31.581428
 31.59144
 31.601472
 31.611435
 31.621444
 31.631462
 31.641435
 31.651429
 31.66144
 31.67143
 31.681431
 31.691441
 31.701437
 31.711435
 31.721436
 31.731454
 31.741445
 31.75143
 31.76149
 31.771438
 31.78143
 31.791475
 31.801428
 31.811455
 31.821429
 31.831439
 31.841431
 31.851429
 31.861437
 31.871439
 31.881429
 31.891451
 31.901435
 31.911431
 31.92143
 31.931445
 31.941447
 31.951432
 31.961422
 31.971456
 31.981457
 31.991432
 32.001437
 32.011463
 32.021444
 32.031444
 32.041439
 32.051433
 32.061478
 32.071431
 32.081437
 32.09148
 32.101473
 32.111451
 32.121445
 32.131479
 32.141434
 32.151421
 32.161429
 32.171434
 32.181463
 32.191427
 32.201449
 32.211437
 32.221446
 32.231441
 32.241463
 32.251427
 32.261441
 32.271438
 32.281431
 32.291435
 32.301433
 32.31146
 32.321461
 32.33144
 32.341486
 32.351446
 32.361437
 32.371429
 32.381432
 32.391434
 32.401428
 32.411454
 32.421432
 32.43145
 32.44144
 32.451431
 32.461441
 32.471437
 32.481427
 32.491454
 32.501487
 32.511432
 32.521426
 32.531462
 32.541429
 32.551422
 32.561463
 32.57143
 32.581432
 32.591434
 32.601446
 32.61143
 32.621432
 32.631463
 32.641439
 32.651431
 32.661434
 32.671446
 32.681427
 32.691475
 32.701457
 32.711439
 32.721459
 32.731434
 32.741488
 32.751436
 32.761442
 32.771459
 32.781427
 32.791491
 32.801461
 32.811452
 32.821419
 32.831491
 32.841438
 32.851433
 32.861436
 32.87144
 32.881438
 32.891431
 32.901448
 32.911445
 32.921448
 32.931425
 32.941434
 32.951433
 32.961436
 32.971433
 32.981426
 32.99143
 33.001472
 33.011452
 33.021427
 33.031466
 33.041434
 33.051438
 33.061419
 33.071434
 33.081448
 33.091431
 33.101428
 33.111422
 33.121428
 33.131427
 33.141456
 33.151424
 33.161432
 33.171442
 33.181426
 33.191445
 33.201459
 33.211456
 33.221438
 33.23144
 33.241439
 33.251434
 33.26143
 33.271444
 33.281456
 33.291429
 33.301427
 33.311438
 33.321432
 33.331459
 33.34151
 33.351442
 33.361434
 33.371433
 33.381434
 33.391454
 33.401456
 33.411429
 33.421435
 33.431434
 33.441494
 33.451434
 33.46144
 33.471433
 33.481439
 33.491429
 33.501479
 33.511431
 33.521461
 33.531427
 33.541449
 33.551436
 33.561436
 33.571428
 33.581478
 33.591458
 33.601466
 33.611455
 33.621432
 33.631437
 33.641472
 33.651468
 33.661478
 33.671468
 33.681434
 33.691424
 33.701469
 33.711439
 33.721421
 33.731462
 33.741465
 33.751422
 33.761427
 33.771484
 33.781421
 33.791435
 33.801453
 33.81143
 33.821441
 33.831484
 33.841429
 33.851432
 33.861463
 33.871425
 33.881431
 33.891422
 33.901433
 33.911431
 33.921472
 33.931439
 33.941447
 33.951429
 33.961474
 33.971459
 33.981464
 33.991425
 34.00144
 34.01146
 34.021437
 34.031433
 34.041428
 34.05144
 34.061435
 34.071463
 34.081436
 34.091432
 34.101442
 34.111469
 34.121422
 34.13143
 34.141445
 34.15142
 34.16143
 34.171471
 34.181429
 34.191434
 34.201491
 34.211437
 34.221439
 34.231431
 34.241439
 34.251439
 34.261462
 34.271465
 34.281425
 34.291436
 34.301434
 34.311452
 34.32146
 34.331476
 34.341436
 34.351424
 34.361429
 34.371428
 34.381439
 34.391466
 34.401435
 34.411427
 34.421444
 34.43146
 34.441449
 34.451431
 34.461439
 34.471426
 34.481432
 34.491456
 34.501439
 34.511447
 34.52143
 34.53146
 34.541482
 34.551419
 34.561436
 34.571442
 34.581468
 34.591435
 34.601459
 34.611456
 34.621424
 34.631436
 34.641377
 34.651452
 34.66143
 34.671457
 34.681429
 34.691439
 34.701436
 34.711439
 34.721426
 34.731435
 34.741442
 34.751437
 34.761455
 34.771458
 34.78143
 34.791427
 34.80143
 34.811433
 34.821418
 34.831458
 34.841431
 34.851436
 34.861454
 34.871437
 34.881452
 34.891474
 34.901432
 34.911439
 34.92143
 34.931479
 34.941439
 34.95143
 34.961432
 34.971486
 34.981463
 34.991441
 35.001437
 35.011436
 35.021426
 35.031438
 35.041446
 35.05148
 35.061428
 35.071465
 35.08143
 35.091438
 35.101435
 35.111435
 35.121433
 35.13144
 35.141479
 35.151424
 35.161468
 35.171432
 35.181427
 35.191467
 35.201506
 35.211435
 35.221425
 35.23143
 35.241442
 35.251428
 35.261464
 35.271438
 35.281435
 35.291444
 35.301442
 35.311464
 35.321443
 35.331472
 35.341486
 35.35143
 35.36143
 35.371433
 35.381426
 35.391434
 35.401458
 35.411454
 35.421436
 35.43143
 35.441424
 35.451466
 35.46143
 35.471441
 35.481432
 35.491461
 35.501437
 35.511464
 35.521423
 35.531477
 35.541478
 35.551425
 35.561462
 35.571429
 35.581426
 35.591429
 35.601429
 35.611426
 35.621455
 35.631484
 35.641479
 35.651431
 35.661486
 35.671436
 35.681432
 35.691447
 35.701431
 35.711428
 35.721467
 35.731489
 35.741452
 35.751432
 35.761468
 35.771439
 35.781458
 35.791423
 35.801424
 35.811431
 35.821464
 35.83143
 35.84143
 35.851434
 35.861431
 35.871441
 35.881432
 35.891469
 35.901429
 35.911435
 35.921473
 35.931457
 35.941427
 35.95143
 35.961433
 35.971485
 35.981442
 35.991432
 36.001437
 36.011473
 36.021445
 36.031446
 36.041436
 36.051425
 36.061453
 36.071429
 36.08143
 36.091497
 36.101455
 36.111441
 36.121455
 36.131489
 36.141439
 36.151459
 36.161468
 36.171449
 36.181438
 36.191429
 36.201455
 36.211435
 36.221432
 36.231429
 36.241453
 36.251464
 36.261433
 36.271424
 36.281448
 36.291429
 36.301452
 36.311464
 36.321427
 36.331429
 36.341432
 36.351429
 36.361457
 36.371433
 36.381435
 36.391435
 36.401426
 36.411474
 36.421433
 36.43146
 36.441487
 36.451438
 36.461481
 36.471452
 36.481434
 36.491491
 36.501451
 36.511431
 36.521428
 36.531459
 36.541424
 36.551455
 36.561436
 36.571428
 36.581428
 36.591462
 36.601477
 36.611433
 36.621474
 36.63147
 36.641432
 36.651454
 36.661454
 36.671432
 36.681467
 36.691433
 36.701457
 36.711431
 36.721475
 36.731431
 36.741431
 36.751455
 36.76143
 36.771476
 36.781428
 36.791432
 36.801453
 36.811427
 36.821435
 36.831476
 36.841424
 36.851429
 36.861454
 36.87143
 36.881428
 36.891438
 36.901449
 36.911428
 36.921439
 36.931462
 36.941434
 36.951422
 36.961458
 36.97149
 36.981434
 36.991436
 37.001433
 37.011429
 37.021436
 37.031477
 37.041432
 37.05143
 37.061468
 37.071433
 37.081442
 37.091452
 37.101438
 37.111431
 37.121433
 37.131431
 37.141452
 37.151428
 37.161459
 37.171432
 37.181436
 37.191428
 37.201428
 37.211474
 37.221459
 37.231435
 37.241461
 37.251436
 37.261434
 37.271458
 37.281437
 37.291443
 37.301437
 37.31143
 37.321431
 37.331451
 37.341434
 37.351459
 37.361459
 37.371455
 37.38143
 37.391477
 37.401439
 37.411433
 37.421481
 37.431453
 37.44144
 37.451432
 37.46144
 37.471433
 37.48146
 37.491465
 37.501434
 37.511424
 37.521468
 37.531433
 37.541434
 37.551436
 37.561446
 37.57143
 37.581431
 37.591434
 37.601426
 37.611424
 37.621433
 37.631435
 37.641451
 37.651434
 37.661435
 37.671436
 37.681458
 37.691474
 37.701438
 37.711429
 37.721429
 37.731463
 37.74144
 37.751433
 37.761436
 37.771429
 37.781437
 37.791425
 37.801432
 37.811434
 37.821434
 37.831427
 37.841458
 37.851427
 37.861438
 37.871432
 37.881422
 37.891471
 37.901437
 37.911434
 37.921424
 37.931437
 37.941458
 37.951481
 37.96143
 37.97144
 37.981431
 37.99146
 38.001437
 38.011478
 38.021429
 38.031438
 38.04143
 38.051429
 38.061434
 38.071493
 38.081439
 38.091428
 38.101423
 38.111429
 38.12143
 38.131434
 38.141436
 38.151435
 38.16143
 38.171425
 38.181421
 38.191434
 38.201458
 38.211431
 38.221448
 38.231438
 38.241435
 38.251353
 38.261442
 38.271437
 38.281441
 38.291437
 38.301472
 38.311427
 38.321434
 38.331432
 38.341464
 38.351429
 38.361424
 38.371432
 38.381423
 38.391442
 38.401438
 38.411452
 38.421458
 38.431435
 38.441431
 38.451438
 38.461432
 38.471439
 38.481463
 38.49145
 38.501441
 38.511427
 38.521435
 38.531457
 38.541482
 38.551437
 38.56144
 38.571451
 38.581434
 38.591429
 38.601463
 38.611508
 38.621432
 38.631444
 38.641434
 38.651444
 38.661462
 38.671435
 38.681437
 38.691424
 38.701436
 38.711431
 38.72144
 38.731427
 38.74146
 38.75144
 38.761438
 38.771443
 38.78143
 38.791432
 38.801451
 38.811439
 38.821431
 38.831439
 38.841426
 38.851461
 38.861438
 38.871437
 38.881438
 38.891432
 38.901441
 38.911466
 38.921464
 38.931434
 38.941479
 38.951451
 38.961427
 38.971432
 38.981446
 38.991432
 39.001457
 39.011427
 39.021433
 39.031438
 39.041433
 39.05146
 39.061485
 39.071421
 39.081432
 39.091434
 39.10145
 39.111438
 39.12143
 39.131485
 39.141434
 39.151428
 39.161481
 39.171427
 39.18143
 39.191438
 39.201485
 39.211449
 39.221476
 39.231484
 39.241429
 39.251431
 39.261432
 39.27143
 39.281429
 39.291439
 39.301434
 39.311438
 39.321427
 39.331452
 39.34148
 39.35144
 39.361438
 39.371443
 39.381474
 39.391441
 39.401432
 39.411456
 39.421439
 39.43143
 39.441472
 39.451433
 39.461435
 39.471462
 39.481433
 39.491432
 39.501436
 39.511432
 39.521435
 39.531476
 39.541479
 39.55143
 39.561435
 39.571425
 39.581433
 39.591455
 39.601463
 39.611468
 39.621426
 39.631442
 39.641431
 39.651428
 39.661461
 39.671437
 39.681433
 39.691427
 39.701434
 39.711441
 39.72143
 39.731423
 39.741458
 39.751432
 39.761427
 39.771431
 39.781457
 39.791434
 39.801432
 39.811451
 39.821482
 39.831456
 39.84143
 39.851463
 39.861469
 39.871488
 39.881437
 39.891459
 39.901421
 39.911435
 39.921452
 39.931479
 39.941432
 39.951438
 39.961459
 39.971441
 39.981424
 39.991433
 40.001457
 40.011455
 40.02144
 40.031482
 40.041424
 40.051429
 40.061432
 40.071436
 40.081429
 40.091429
 40.101435
 40.111439
 40.121482
 40.131455
 40.141441
 40.151466
 40.161456
 40.17146
 40.181424
 40.191433
 40.201437
 40.211451
 40.221435
 40.231441
 40.241437
 40.251437
 40.261436
 40.271428
 40.281438
 40.291438
 40.301427
 40.311438
 40.321439
 40.331427
 40.341424
 40.351436
 40.361432
 40.371468
 40.381429
 40.391432
 40.401461
 40.411426
 40.421436
 40.431464
 40.44144
 40.451422
 40.461494
 40.471447
 40.481425
 40.491435
 40.501457
 40.511427
 40.521457
 40.53145
 40.54143
 40.551441
 40.561435
 40.571449
 40.581431
 40.591435
 40.601451
 40.611465
 40.621434
 40.63143
 40.641444
 40.651442
 40.661493
 40.671434
 40.681425
 40.691455
 40.701482
 40.711439
 40.721452
 40.731436
 40.741426
 40.751462
 40.761429
 40.771434
 40.781457
 40.791433
 40.801489
 40.811453
 40.821435
 40.83145
 40.841435
 40.851432
 40.861434
 40.871425
 40.881436
 40.891426
 40.901439
 40.911424
 40.921431
 40.931428
 40.941461
 40.951435
 40.961459
 40.971468
 40.981439
 40.991483
 41.001441
 41.011427
 41.021432
 41.031433
 41.041431
 41.051494
 41.061455
 41.071426
 41.081453
 41.091478
 41.101437
 41.111426
 41.121433
 41.131431
 41.141476
 41.151434
 41.161457
 41.171456
 41.181449
 41.191423
 41.201436
 41.211434
 41.221432
 41.231439
 41.241495
 41.251449
 41.261431
 41.271485
 41.28143
 41.291445
 41.301456
 41.311436
 41.321434
 41.331472
 41.341428
 41.351435
 41.361431
 41.371501
 41.381449
 41.391426
 41.401459
 41.411432
 41.421502
 41.431448
 41.441429
 41.451425
 41.461493
 41.471445
 41.481446
 41.491425
 41.501435
 41.511455
 41.521455
 41.531429
 41.541437
 41.551421
 41.561436
 41.57144
 41.58146
 41.591432
 41.601451
 41.611451
 41.62144
 41.631429
 41.64146
 41.65143
 41.661442
 41.671464
 41.681433
 41.691435
 41.701478
 41.71148
 41.721455
 41.731452
 41.741467
 41.751431
 41.761437
 41.771431
 41.781438
 41.791436
 41.801433
 41.811428
 41.821439
 41.831436
 41.84143
 41.851455
 41.861431
 41.871438
 41.881422
 41.891458
 41.90144
 41.911455
 41.92146
 41.931438
 41.941433
 41.951426
 41.961446
 41.971435
 41.981429
 41.991437
 42.001432
 42.011477
 42.021464
 42.031433
 42.041455
 42.051432
 42.061419
 42.071483
 42.081449
 42.09143
 42.101433
 42.111444
 42.121445
 42.131439
 42.141434
 42.151462
 42.161437
 42.171449
 42.181459
 42.191435
 42.201363
 42.211354
 42.221361
 42.23138
 42.24138
 42.25136
 42.261354
 42.271367
 42.28136
 42.291361
 42.301365
 42.311361
 42.321348
 42.331413
 42.341372
 42.351354
 42.361362
 42.371365
 42.381355
 42.391366
 42.401478
 42.411433
 42.421451
 42.431451
 42.441431
 42.451432
 42.461447
 42.471421
 42.481422
 42.491456
 42.501426
 42.511426
 42.52144
 42.531428
 42.541446
 42.551444
 42.561427
 42.571484
 42.581439
 42.591425
 42.601442
 42.611435
 42.621441
 42.631488
 42.641473
 42.651431
 42.661483
 42.671429
 42.681428
 42.691421
 42.70143
 42.711429
 42.721461
 42.73146
 42.741432
 42.751426
 42.761426
 42.77146
 42.781483
 42.791452
 42.801437
 42.811433
 42.821449
 42.831437
 42.841432
 42.85144
 42.861421
 42.871433
 42.881493
 42.891437
 42.901434
 42.911429
 42.921442
 42.931429
 42.941436
 42.951459
 42.961446
 42.97149
 42.98143
 42.99144
 43.001469
 43.011445
 43.021461
 43.031441
 43.04143
 43.051426
 43.061464
 43.071435
 43.081439
 43.091438
 43.101459
 43.111426
 43.121427
 43.131451
 43.141448
 43.151429
 43.161436
 43.1715
 43.181433
 43.191436
 43.201439
 43.21143
 43.22143
 43.231471
 43.241454
 43.251433
 43.261471
 43.271445
 43.281425
 43.291427
 43.301435
 43.311419
 43.32143
 43.331432
 43.341446
 43.351435
 43.36143
 43.371459
 43.381434
 43.391459
 43.401458
 43.411498
 43.421434
 43.431432
 43.441482
 43.451426
 43.461429
 43.471439
 43.481439
 43.49143
 43.501434
 43.511434
 43.521432
 43.531432
 43.541429
 43.551436
 43.561486
 43.571466
 43.581438
 43.591436
 43.601484
 43.61143
 43.621434
 43.631447
 43.641438
 43.651457
 43.661428
 43.671441
 43.681433
 43.691441
 43.701432
 43.711497
 43.721432
 43.731436
 43.741433
 43.751443
 43.761433
 43.771433
 43.78144
 43.791434
 43.801434
 43.811455
 43.821423
 43.831445
 43.84146
 43.85143
 43.861433
 43.871479
 43.881465
 43.891434
 43.901431
 43.911429
 43.921479
 43.931429
 43.941439
 43.951429
 43.961433
 43.971459
 43.981432
 43.991428
 44.001443
 44.011431
 44.021429
 44.031421
 44.041436
 44.051429
 44.061433
 44.071439
 44.081431
 44.091464
 44.101421
 44.111433
 44.121432
 44.131483
 44.141433
 44.151456
 44.16144
 44.17148
 44.181427
 44.191461
 44.201439
 44.211453
 44.221441
 44.231439
 44.241463
 44.251461
 44.261454
 44.271464
 44.281433
 44.291438
 44.301448
 44.311441
 44.321437
 44.331424
 44.341372
 44.351434
 44.361438
 44.371437
 44.381439
 44.391458
 44.401434
 44.411433
 44.421427
 44.431458
 44.441431
 44.451441
 44.461457
 44.471436
 44.481431
 44.491428
 44.501485
 44.511433
 44.521448
 44.531492
 44.541427
 44.551461
 44.561434
 44.571458
 44.581479
 44.591456
 44.60144
 44.611427
 44.621421
 44.631503
 44.641441
 44.65143
 44.66143
 44.671425
 44.681434
 44.691454
 44.70143
 44.711461
 44.721437
 44.731457
 44.741479
 44.751429
 44.761433
 44.77139
 44.781479
 44.791424
 44.801438
 44.811489
 44.821438
 44.83142
 44.841431
 44.851428
 44.861435
 44.871483
 44.881445
 44.891368
 44.901447
 44.911485
 44.921425
 44.931461
 44.941435
 44.951427
 44.961433
 44.971448
 44.981429
 44.991442
 45.001434
 45.011436
 45.02145
 45.031463
 45.041432
 45.051437
 45.061433
 45.071435
 45.081435
 45.091435
 45.101428
 45.111429
 45.121455
 45.131435
 45.141466
 45.151424
 45.161437
 45.171431
 45.181459
 45.191429
 45.201487
 45.211455
 45.22143
 45.231453
 45.241484
 45.251481
 45.261429
 45.271438
 45.28145
 45.291434
 45.301426
 45.311433
 45.321439
 45.331432
 45.341428
 45.35143
 45.361439
 45.371439
 45.381451
 45.391457
 45.401433
 45.411431
 45.421459
 45.431468
 45.441473
 45.451438
 45.461429
 45.471445
 45.481421
 45.491432
 45.50144
 45.511462
 45.521431
 45.531426
 45.541463
 45.551429
 45.561443
 45.571428
 45.581454
 45.591429
 45.601429
 45.611461
 45.621423
 45.63144
 45.64144
 45.651432
 45.661439
 45.671454
 45.681435
 45.691441
 45.70149
 45.71145
 45.721434
 45.731429
 45.741448
 45.751435
 45.76142
 45.771435
 45.781434
 45.79144
 45.801447
 45.811444
 45.82146
 45.831436
 45.841431
 45.851422
 45.861433
 45.871431
 45.881454
 45.89145
 45.901423
 45.911432
 45.92144
 45.931428
 45.941434
 45.951425
 45.961425
 45.971431
 45.981491
 45.991422
 46.001434
 46.011433
 46.021426
 46.031434
 46.041442
 46.051478
 46.061432
 46.071429
 46.081428
 46.091431
 46.101455
 46.111433
 46.121425
 46.13144
 46.141432
 46.151479
 46.161447
 46.171427
 46.181431
 46.191428
 46.201442
 46.211435
 46.221429
 46.231458
 46.241439
 46.251484
 46.261459
 46.271423
 46.281454
 46.291461
 46.301458
 46.311427
 46.321454
 46.331433
 46.341436
 46.351434
 46.361454
 46.371456
 46.381429
 46.391428
 46.40143
 46.411431
 46.421431
 46.431433
 46.441489
 46.451463
 46.461429
 46.471364
 46.481431
 46.491426
 46.501436
 46.511431
 46.521429
 46.531431
 46.541451
 46.551426
 46.56143
 46.571462
 46.581444
 46.591431
 46.601433
 46.611439
 46.621423
 46.631459
 46.641438
 46.651429
 46.661435
 46.671463
 46.68143
 46.691449
 46.701433
 46.711427
 46.721423
 46.731429
 46.741433
 46.751438
 46.761432
 46.771424
 46.781451
 46.791424
 46.801429
 46.811426
 46.82143
 46.83143
 46.84143
 46.851425
 46.861436
 46.871428
 46.881427
 46.891435
 46.901433
 46.91146
 46.921426
 46.931428
 46.941432
 46.951431
 46.961429
 46.971441
 46.981465
 46.991479
 47.001442
 47.011427
 47.021429
 47.031432
 47.041448
 47.051426
 47.061434
 47.07143
 47.081427
 47.091434
 47.101434
 47.111455
 47.12143
 47.131427
 47.141431
 47.151428
 47.16145
 47.17143
 47.181435
 47.191491
 47.201428
 47.211429
 47.22143
 47.231423
 47.24143
 47.251426
 47.261425
 47.271444
 47.281445
 47.291449
 47.301427
 47.31143
 47.321429
 47.331432
 47.341437
 47.351429
 47.361424
 47.371426
 47.381431
 47.391426
 47.401426
 47.411428
 47.421429
 47.431426
 47.441428
 47.451426
 47.461423
 47.471422
 47.481422
 47.491431
 47.501433
 47.511423
 47.521429
 47.531451
 47.541431
 47.551429
 47.561433
 47.571425
 47.581432
 47.591428
 47.601444
 47.611426
 47.621445
 47.631428
 47.641426
 47.65147
 47.661436
 47.671427
 47.681435
 47.691432
 47.701429
 47.711456
 47.72143
 47.731429
 47.741422
 47.751433
 47.761434
 47.771432
 47.781427
 47.791424
 47.801423
 47.811422
 47.821431
 47.831433
 47.841438
 47.851428
 47.861422
 47.871459
 47.881426
 47.891431
 47.901431
 47.911458
 47.921435
 47.931425
 47.941432
 47.951445
 47.961441
 47.971425
 47.981427
 47.991424
 48.001432
 48.011431
 48.021426
 48.031432
 48.041435
 48.051428
 48.061432
 48.071428
 48.081423
 48.091429
 48.101433
 48.111423
 48.121449
 48.131434
 48.141432
 48.15146
 48.161429
 48.171432
 48.181436
 48.191431
 48.201436
 48.211434
 48.221453
 48.231434
 48.241433
 48.251422
 48.261433
 48.271428
 48.281427
 48.29143
 48.301434
 48.311428
 48.321431
 48.33145
 48.341429
 48.351426
 48.361431
 48.371433
 48.381432
 48.391433
 48.401423
 48.411427
 48.421425
 48.431431
 48.441425
 48.45145
 48.461441
 48.471434
 48.48143
 48.491463
 48.501443
 48.511433
 48.521429
 48.531448
 48.541431
 48.551485
 48.561438
 48.571434
 48.581429
 48.591432
 48.601428
 48.611425
 48.621427
 48.631437
 48.641426
 48.65142
 48.661425
 48.671434
 48.681428
 48.691423
 48.70142
 48.711432
 48.721439
 48.731428
 48.741426
 48.751429
 48.761434
 48.771433
 48.781431
 48.791427
 48.801424
 48.811431
 48.821428
 48.831421
 48.841459
 48.851432
 48.861426
 48.871453
 48.881429
 48.891443
 48.901429
 48.911426
 48.921424
 48.931423
 48.941421
 48.95146
 48.961441
 48.971431
 48.981454
 48.99143
 49.001423
 49.011431
 49.021431
 49.031427
 49.041428
 49.051425
 49.061439
 49.07143
 49.081433
 49.091428
 49.101427
 49.111431
 49.121431
 49.131431
 49.141479
 49.15149
 49.161428
 49.171434
 49.18143
 49.19143
 49.201436
 49.211437
 49.221434
 49.231436
 49.241429
 49.251437
 49.261475
 49.271436
 49.281433
 49.291429
 49.301427
 49.311433
 49.321444
 49.331431
 49.34143
 49.351434
 49.361429
 49.37142
 49.381428
 49.391481
 49.401431
 49.411425
 49.421422
 49.431438
 49.44143
 49.451424
 49.461458
 49.471433
 49.481434
 49.491424
 49.501433
 49.511422
 49.52143
 49.531424
 49.541428
 49.551429
 49.561431
 49.571426
 49.581428
 49.591428
 49.601435
 49.61146
 49.621422
 49.631427
 49.641435
 49.651432
 49.661436
 49.671426
 49.681424
 49.691427
 49.701433
 49.711431
 49.721429
 49.731423
 49.741425
 49.751436
 49.761432
 49.771461
 49.781415
 49.791421
 49.801433
 49.811433
 49.821428
 49.831432
 49.841431
 49.851449
 49.86144
 49.871424
 49.881424
 49.891429
 49.901429
 49.91144
 49.921429
 49.931425
 49.941456
 49.951431
 49.961427
 49.97143
 49.981433
 49.991437
 50.001427
 50.011436
 50.021433
 50.031431
 50.041442
 50.051434
 50.061444
 50.071434
 50.08148
 50.091428
 50.101427
 50.111433
 50.121429
 50.131426
 50.141432
 50.151435
 50.161453
 50.171451
 50.181431
 50.191433
 50.201431
 50.211429
 50.221457
 50.231431
 50.241424
 50.251424
 50.261429
 50.271424
 50.281431
 50.291434
 50.30143
 50.311437
 50.32143
 50.331436
 50.341431
 50.351423
 50.361436
 50.371432
 50.38143
 50.391451
 50.40143
 50.411442
 50.421427
 50.431429
 50.441437
 50.451432
 50.461429
 50.471488
 50.481432
 50.49143
 50.501423
 50.511438
 50.52143
 50.531434
 50.541427
 50.551427
 50.56143
 50.571423
 50.581432
 50.59143
 50.601425
 50.611429
 50.621432
 50.631428
 50.641443
 50.651435
 50.661439
 50.671461
 50.681424
 50.691428
 50.701444
 50.711437
 50.721429
 50.731419
 50.741433
 50.751426
 50.761436
 50.771431
 50.781432
 50.791425
 50.801432
 50.811426
 50.821431
 50.831432
 50.841424
 50.851429
 50.861451
 50.871417
 50.881429
 50.891437
 50.901426
 50.911432
 50.921431
 50.93143
 50.941432
 50.951441
 50.961425
 50.971427
 50.981429
 50.991443
 51.001425
 51.011457
 51.021432
 51.031418
 51.041437
 51.051453
 51.061427
 51.071437
 51.081422
 51.091435
 51.101428
 51.111434
 51.12145
 51.131425
 51.141432
 51.151429
 51.161434
 51.171426
 51.181422
 51.191437
 51.201425
 51.211427
 51.221424
 51.231426
 51.241434
 51.251426
 51.261425
 51.271431
 51.281439
 51.291435
 51.301431
 51.311433
 51.321461
 51.331433
 51.341424
 51.351453
 51.361432
 51.371442
 51.381425
 51.391427
 51.401436
 51.411427
 51.42143
 51.431434
 51.441426
 51.45143
 51.461425
 51.471441
 51.481432
 51.491438
 51.501431
 51.511433
 51.521433
 51.531434
 51.541432
 51.551428
 51.561441
 51.571457
 51.581438
 51.591432
 51.60144
 51.611439
 51.621432
 51.631447
 51.641426
 51.651423
 51.661447
 51.671438
 51.681425
 51.691426
 51.701426
 51.711438
 51.721427
 51.731429
 51.741422
 51.751432
 51.761431
 51.771428
 51.781434
 51.791435
 51.801437
 51.811429
 51.821423
 51.831428
 51.841427
 51.851428
 51.861436
 51.871425
 51.881427
 51.891436
 51.901448
 51.911434
 51.921421
 51.93143
 51.941455
 51.951424
 51.961427
 51.971426
 51.981431
 51.99148
 52.001436
 52.011434
 52.021427
 52.031435
 52.041434
 52.051447
 52.061428
 52.071428
 52.081473
 52.091429
 52.101434
 52.111432
 52.121434
 52.131428
 52.141423
 52.151427
 52.161431
 52.171432
 52.181453
 52.191446
 52.201433
 52.21143
 52.221431
 52.231432
 52.241462
 52.251456
 52.261433
 52.271436
 52.281426
 52.291429
 52.301429
 52.311431
 52.321425
 52.331443
 52.341445
 52.351454
 52.361428
 52.371435
 52.381434
 52.391434
 52.401425
 52.411425
 52.421428
 52.43143
 52.44143
 52.451434
 52.461444
 52.471435
 52.481429
 52.491432
 52.501431
 52.511434
 52.521455
 52.531434
 52.541433
 52.551426
 52.561466
 52.571463
 52.581432
 52.591433
 52.60143
 52.611429
 52.621432
 52.631434
 52.641424
 52.651433
 52.661423
 52.671424
 52.681426
 52.691431
 52.701429
 52.711431
 52.721437
 52.731425
 52.741429
 52.751437
 52.761435
 52.771432
 52.781433
 52.791433
 52.801457
 52.811443
 52.821431
 52.831422
 52.841431
 52.851434
 52.861429
 52.871458
 52.881429
 52.891443
 52.90143
 52.91144
 52.921424
 52.931433
 52.94143
 52.951455
 52.96143
 52.971435
 52.98143
 52.991434
 53.001425
 53.01144
 53.021431
 53.03143
 53.041428
 53.051435
 53.061431
 53.071452
 53.081426
 53.091427
 53.101438
 53.111427
 53.121435
 53.131432
 53.141444
 53.15142
 53.161433
 53.171438
 53.181455
 53.191431
 53.201439
 53.211425
 53.221451
 53.231428
 53.241421
 53.25143
 53.261434
 53.271433
 53.281434
 53.291453
 53.301434
 53.311427
 53.32143
 53.331425
 53.34143
 53.351428
 53.361429
 53.371431
 53.381443
 53.391455
 53.401427
 53.411422
 53.421428
 53.431427
 53.441428
 53.451433
 53.461432
 53.47143
 53.481435
 53.491454
 53.501436
 53.511431
 53.521435
 53.531452
 53.541455
 53.55143
 53.561429
 53.571422
 53.581432
 53.591434
 53.601428
 53.611431
 53.621434
 53.631426
 53.64143
 53.651434
 53.661436
 53.67143
 53.68143
 53.691429
 53.701432
 53.711436
 53.721436
 53.731431
 53.741442
 53.751434
 53.761425
 53.771434
 53.781436
 53.791459
 53.801459
 53.811441
 53.82142
 53.831434
 53.841438
 53.851438
 53.861436
 53.87144
 53.881451
 53.891428
 53.901434
 53.911434
 53.921423
 53.931424
 53.941429
 53.951434
 53.961433
 53.97143
 53.98145
 53.991433
 54.001425
 54.011435
 54.021418
 54.031437
 54.041461
 54.051434
 54.061426
 54.071439
 54.081429
 54.091435
 54.101438
 54.111478
 54.121424
 54.131428
 54.141426
 54.15143
 54.161431
 54.17143
 54.18143
 54.191423
 54.201441
 54.211446
 54.221422
 54.231426
 54.241421
 54.251435
 54.261429
 54.271436
 54.281427
 54.291424
 54.301428
 54.311427
 54.321431
 54.33143
 54.341424
 54.35143
 54.361426
 54.371433
 54.38143
 54.391427
 54.401424
 54.411458
 54.421459
 54.431432
 54.441429
 54.451425
 54.461429
 54.471433
 54.481425
 54.491423
 54.501422
 54.51142
 54.521431
 54.53142
 54.541421
 54.551432
 54.561435
 54.571434
 54.581452
 54.591423
 54.601433
 54.611429
 54.621431
 54.631421
 54.641444
 54.651423
 54.661434
 54.67143
 54.681429
 54.691465
 54.701423
 54.71143
 54.721429
 54.731451
 54.741433
 54.751427
 54.761431
 54.771429
 54.781448
 54.791435
 54.80146
 54.811483
 54.821429
 54.831429
 54.841429
 54.851429
 54.861435
 54.871435
 54.881445
 54.891428
 54.901428
 54.911431
 54.921425
 54.931425
 54.941426
 54.951418
 54.961441
 54.971426
 54.98143
 54.991438
 55.001448
 55.011437
 55.021431
 55.031427
 55.041487
 55.051423
 55.061459
 55.071431
 55.081434
 55.091431
 55.101428
 55.111454
 55.121431
 55.131432
 55.141433
 55.151479
 55.161428
 55.171436
 55.181432
 55.19143
 55.201433
 55.211442
 55.221439
 55.231431
 55.241431
 55.251429
 55.261435
 55.271445
 55.28143
 55.291437
 55.301431
 55.311423
 55.321431
 55.331427
 55.341443
 55.351458
 55.361429
 55.371423
 55.381424
 55.391434
 55.40139
 55.411426
 55.42143
 55.431428
 55.441455
 55.45143
 55.461477
 55.471437
 55.481421
 55.491435
 55.50143
 55.51143
 55.521426
 55.531427
 55.541426
 55.551434
 55.561439
 55.571426
 55.581432
 55.591427
 55.60143
 55.611429
 55.621425
 55.631441
 55.641424
 55.651436
 55.661454
 55.671431
 55.681425
 55.691431
 55.701431
 55.711427
 55.721428
 55.731433
 55.741452
 55.751409
 55.761408
 55.771403
 55.781403
 55.791411
 55.801403
 55.81141
 55.821412
 55.831409
 55.841406
 55.851428
 55.861432
 55.871426
 55.881436
 55.891449
 55.90143
 55.911426
 55.921434
 55.93143
 55.941438
 55.951425
 55.96143
 55.971454
 55.981432
 55.991433
 56.001428
 56.01143
 56.021432
 56.03143
 56.041436
 56.051443
 56.061431
 56.071425
 56.081424
 56.091426
 56.101443
 56.111429
 56.121459
 56.131429
 56.141427
 56.151435
 56.161431
 56.171427
 56.181422
 56.191431
 56.20145
 56.211426
 56.221435
 56.231433
 56.241455
 56.251437
 56.261433
 56.27143
 56.281468
 56.291433
 56.301441
 56.311432
 56.321427
 56.331434
 56.34143
 56.351427
 56.361421
 56.371428
 56.381424
 56.391423
 56.401442
 56.411428
 56.421431
 56.431425
 56.441425
 56.451428
 56.461426
 56.471426
 56.481458
 56.491429
 56.501434
 56.511433
 56.521422
 56.531432
 56.541435
 56.551455
 56.561426
 56.571431
 56.581431
 56.59145
 56.60144
 56.611424
 56.621422
 56.631425
 56.641433
 56.651426
 56.661454
 56.671445
 56.681426
 56.691431
 56.701423
 56.711451
 56.721436
 56.731445
 56.741458
 56.751436
 56.761436
 56.771423
 56.781428
 56.79143
 56.80143
 56.811424
 56.821425
 56.831423
 56.841429
 56.851434
 56.861424
 56.87143
 56.881431
 56.891455
 56.901459
 56.911428
 56.921429
 56.931442
 56.941427
 56.951429
 56.961436
 56.971428
 56.981429
 56.99143
 57.001421
 57.011427
 57.021423
 57.031425
 57.04143
 57.051428
 57.061425
 57.07143
 57.081436
 57.091425
 57.101428
 57.11149
 57.121433
 57.131428
 57.14143
 57.151434
 57.161425
 57.171429
 57.181426
 57.19143
 57.201432
 57.211452
 57.221428
 57.23142
 57.241436
 57.251433
 57.261426
 57.271425
 57.281426
 57.291428
 57.301431
 57.311429
 57.321434
 57.331431
 57.341429
 57.351426
 57.361434
 57.371444
 57.381433
 57.391432
 57.401449
 57.411437
 57.421469
 57.431429
 57.441426
 57.451427
 57.461433
 57.47143
 57.481441
 57.491423
 57.501424
 57.511428
 57.521471
 57.531425
 57.541433
 57.551431
 57.561431
 57.571424
 57.58143
 57.591426
 57.601428
 57.611425
 57.621427
 57.631433
 57.641442
 57.651425
 57.661434
 57.671438
 57.681432
 57.691428
 57.701421
 57.711429
 57.721432
 57.731427
 57.741433
 57.751435
 57.761424
 57.771448
 57.781436
 57.791431
 57.801425
 57.811434
 57.821483
